         1       9.60221       11.2369       360.447       18.7869   6    0.00279729     0.0281024     0.0493485     0.0321626   -0.00468779     0.0309294     0.0639629     0.0369661
         2       16.3922       11.8132       339.963       19.0302   6   -0.00951062     0.0334216     0.0228753     0.0394230     0.0143648     0.0368230     0.0797570     0.0443261
         3      -15.0748       12.8194       349.201       17.6920   6   -0.00497805     0.0332490     0.0227080     0.0349968     0.0182874     0.0344072     0.0623199     0.0408072
         4      -35.1699       12.1284       352.513       20.7557   6    0.00403509     0.0315342     0.0436318     0.0361726     0.0145005     0.0350083     0.0450220     0.0384414
         5      -62.5384       10.2421       351.478       15.5699   6     0.0117905     0.0258924     0.0364767     0.0298407     0.0111413     0.0283648     0.0472898     0.0326909
         6      -7.93287       10.8345       368.808       17.5737   6    0.00150321     0.0269668     0.0560964     0.0317347    -0.0213707     0.0274300     0.0508526     0.0329657
         7      -74.4167       11.0866       330.364       16.8774   6     0.0216849     0.0319362     0.0423410     0.0344756    0.00733770     0.0358150     0.0813521     0.0394323
         8      -91.7583       11.0175       335.475       15.5070   6     0.0162401     0.0286126     0.0270719     0.0318638    -0.0200308     0.0295420     0.0620552     0.0344507
         9      -44.2989       11.7150       331.970       17.0053   6     0.0396287     0.0313208     0.0496919     0.0370318   -0.00430348     0.0370032     0.0537412     0.0418741
        10      -7.01975       11.0588       319.207       14.8773   6     0.0132515     0.0287569     0.0381628     0.0344077    0.00979009     0.0343003     0.0373922     0.0379928
        11       16.0490       10.2923       334.002       15.1183   6    -0.0218452     0.0265349     0.0305274     0.0306322     0.0376867     0.0302505     0.0474167     0.0358794
        12      -91.2025       10.3743       316.581       13.8653   6     0.0324679     0.0286575     0.0117436     0.0344111    -0.0418254     0.0310877     0.0565446     0.0376574
        13      -90.8992       11.5770       326.954       17.5046   6     0.0256549     0.0333697     0.0225448     0.0411226    -0.0112577     0.0353276     0.0688104     0.0408531
        14      -66.8543       12.2484       307.949       17.2444   6     0.0361405     0.0385425     0.0190320     0.0400490    -0.0345329     0.0387203     0.0506703     0.0454421
        15      -36.1589       9.84530       299.654       14.0164   6     0.0526454     0.0291137     0.0561003     0.0375735    -0.0343227     0.0317201     0.0607689     0.0359216
        16       25.6565       9.63800       305.916       13.1255   6    -0.0136250     0.0287802    0.00934192     0.0327852     0.0503667     0.0318616     0.0774550     0.0366268
        17       38.1561       11.0581       335.667       15.0248   6    0.00993109     0.0316951   -0.00927553     0.0339587     0.0149682     0.0321149     0.0828702     0.0355774
        18      -112.965       10.8500       326.590       14.4133   6     0.0594403     0.0295167     0.0187558     0.0340603    -0.0469463     0.0309275     0.0610685     0.0364728
        19       39.3972       10.4321       347.379       14.2585   6     0.0282592     0.0271143     0.0194432     0.0320188    -0.0165770     0.0261703      0.103447     0.0306115
        20      -79.1625       11.3692       303.746       12.2236   6     0.0435510     0.0317009    -0.0299226     0.0344471    -0.0580679     0.0320189     0.0365866     0.0392943
        21      -135.675       10.8683       285.361       12.7176   6     0.0602259     0.0310884  -0.000182116     0.0391718    0.00552217     0.0339301     0.0545502     0.0401663
        22      -94.7583       10.8727       346.382       15.8581   6     0.0214078     0.0301497    0.00317824     0.0382883    -0.0295415     0.0306848     0.0763283     0.0381015
        23      -123.637       12.2751       344.558       19.2392   6     0.0513909     0.0318872     0.0296319     0.0417431    -0.0227726     0.0345537     0.0814449     0.0400222
        24      -62.1064       10.0631       356.510       15.0200   6    0.00146875     0.0253821     0.0223142     0.0301408     0.0114029     0.0251320     0.0805147     0.0325769
        25      -149.130       11.8696       302.112       13.9157   6     0.0959605     0.0342418     0.0182185     0.0388479    -0.0340221     0.0368930     0.0999337     0.0401379
        26      -34.0565       9.46222       269.371       12.6544   6     0.0203543     0.0334301     0.0534105     0.0384429     0.0282588     0.0376413   -0.00970280     0.0421939
        27       4.96550       10.7477       272.400       14.0030   6    -0.0122839     0.0341858     0.0499260     0.0403116     0.0407701     0.0394821    -0.0411898     0.0418597
        28      -83.4781       10.1249       292.305       11.5456   6    0.00473799     0.0301233    -0.0422605     0.0378295    -0.0273430     0.0330337    0.00955520     0.0392154
        29       54.2295       10.2498       275.755       13.5064   6   -0.00638895     0.0340193    0.00917944     0.0366455    -0.0184121     0.0358866     0.0568830     0.0386209
        30       68.2146       9.93682       313.730       13.6728   6    -0.0137352     0.0270839     0.0397842     0.0333259     0.0442227     0.0304936     0.0126870     0.0339936
        31      -40.5288       7.62510       231.944       9.61577   6    -0.0277970     0.0304167     0.0541709     0.0356077     0.0322704     0.0315356    -0.0442007     0.0368895
        32      -79.8954       11.3220       244.046       12.6270   6    -0.0174233     0.0383781    0.00710397     0.0428246     0.0925215     0.0408391     0.0116120     0.0435181
        33       27.1680       10.3654       268.150       14.0064   6     0.0242137     0.0348849     0.0709805     0.0395644    -0.0238881     0.0366192    -0.0416581     0.0407989
        34      -134.548       8.79125       259.454       10.3438   6     0.0420444     0.0301180    0.00564148     0.0302471    -0.0230445     0.0316812     0.0406283     0.0342104
        35      -130.228       10.6153       283.167       13.0458   6     0.0724063     0.0314948     0.0123951     0.0326188    -0.0136598     0.0346171     0.0349033     0.0385414
        36      -106.479       8.41347       216.820       8.96511   6    -0.0110448     0.0325143   -0.00921487     0.0349402     0.0250381     0.0321100     0.0103177     0.0367162
        37      -161.047       10.0744       288.865       10.4890   6     0.0727288     0.0310350    -0.0375905     0.0328400    -0.0374505     0.0325056     0.0561653     0.0367025
        38      -167.704       10.2817       277.635       11.0438   6     0.0917472     0.0296238   -0.00182371     0.0335477    -0.0595547     0.0341457     0.0563768     0.0363813
        39       20.9790       10.5926       213.692       13.8137   6    0.00954952     0.0374535     0.0577989     0.0518518    -0.0120287     0.0447802    -0.0568307     0.0485066
        40       83.3404       6.84394       240.407       9.67017   6   -0.00985261     0.0273054     0.0273587     0.0300755     0.0198934     0.0281613    -0.0197172     0.0296062
        41       81.1897       8.78507       279.858       10.1457   6    -0.0164783     0.0290994     0.0211059     0.0311469   -0.00431782     0.0294462     0.0211354     0.0325674
        42       89.3593       9.83020       291.444       11.8045   6    -0.0352279     0.0312090     0.0111865     0.0356636     0.0421161     0.0332006     0.0101638     0.0362957
        43       64.7015       11.1865       333.746       14.3677   6  -0.000614775     0.0311077    0.00652500     0.0347657     0.0378926     0.0312951     0.0518116     0.0362535
        44       96.1924       10.6647       293.283       16.1472   6    -0.0241908     0.0330822     0.0558563     0.0365257     0.0370492     0.0364683     0.0374424     0.0404720
        45       106.049       10.8186       299.373       14.4991   6    -0.0358127     0.0315705     0.0489438     0.0377274    0.00560749     0.0337641     0.0311395     0.0389306
        46       82.7742       11.2232       340.213       14.1343   6    -0.0110800     0.0303422    -0.0163760     0.0346539     0.0190320     0.0326487     0.0720985     0.0399117
        47       37.3439       10.8167       358.851       15.2901   6     0.0120494     0.0243235     0.0335830     0.0291762    -0.0240685     0.0237381     0.0737821     0.0319405
        48       128.679       8.27768       287.427       9.24439   6    -0.0531188     0.0263022    -0.0157224     0.0285436     0.0398223     0.0285528     0.0479139     0.0319502
        49       123.300       9.62759       267.761       9.78734   6    -0.0146882     0.0305373    0.00626181     0.0348738     0.0671130     0.0335729   -0.00697555     0.0365679
        50       142.846       9.57177       297.047       11.7586   6    -0.0600542     0.0284821     0.0110141     0.0297620     0.0564623     0.0300581     0.0541007     0.0317573
        51       111.404       11.6243       319.468       15.8033   6    -0.0356534     0.0325227     0.0109478     0.0378833    0.00845241     0.0346387     0.0359116     0.0422083
        52       82.2178       9.53578       351.421       14.2813   6    -0.0162780     0.0265420    0.00690687     0.0327463    0.00817776     0.0269009     0.0818322     0.0336792
        53      -12.3781       11.0645       363.299       16.5475   6    0.00304647     0.0253645     0.0452529     0.0304057    -0.0137435     0.0252075     0.0540186     0.0325141
        54       124.819       8.08644       335.611       11.5192   6    -0.0494689     0.0212491     0.0315916     0.0268582     0.0224323     0.0227980     0.0755119     0.0263689
        55      -142.778       10.5345       300.828       13.1259   6     0.0625835     0.0307443     0.0273075     0.0331557    -0.0368960     0.0328063     0.0504623     0.0340673
        56       39.5825       10.3773       359.946       15.4565   6    0.00364351     0.0263082     0.0331574     0.0306204    -0.0149215     0.0286089     0.0433136     0.0329813
        57      -124.609       12.6005       318.909       17.9141   6     0.0423095     0.0326552     0.0378332     0.0407297    0.00515250     0.0372519     0.0496604     0.0427757
        58      -78.3941       8.00308       337.713       10.3424   6    0.00388122     0.0219649   -0.00877066     0.0254882   -0.00753808     0.0223194     0.0777278     0.0272145
        59       80.7306       10.2290       341.028       14.7634   6    -0.0181638     0.0262533     0.0299392     0.0288936    0.00217630     0.0275060     0.0570907     0.0316598
        60      -23.9699       10.3616       353.571       15.5502   6    -0.0193892     0.0256417     0.0377831     0.0289825     0.0136869     0.0266138     0.0876716     0.0313059
        61       33.8772       7.18816       347.601       11.4983   6   -0.00692865     0.0192455     0.0422265     0.0214766    -0.0111243     0.0210447     0.0567491     0.0240676
        62       104.868       9.78451       331.535       13.2801   6    -0.0396216     0.0263272     0.0217469     0.0304120     0.0416081     0.0274591     0.0596150     0.0325001
        63      -101.950       8.92823       290.494       12.4211   6     0.0330986     0.0258684     0.0521466     0.0299398    -0.0209105     0.0278093     0.0322025     0.0320713
        64      -81.5350       9.32676       319.718       13.2604   6    0.00919066     0.0280518     0.0335609     0.0318132    -0.0415890     0.0302034     0.0318806     0.0347380
        65      -148.419       9.55061       287.755       10.2606   6     0.0518368     0.0310829    -0.0339924     0.0327498    -0.0516317     0.0325468     0.0532773     0.0370552
        66      -47.3796       10.4026       339.452       13.7540   6   -0.00624736     0.0287144   -0.00221654     0.0314405    -0.0288397     0.0284831     0.0678743     0.0317152
        67       148.728       9.50580       291.098       11.4231   6    -0.0904222     0.0270291     0.0107480     0.0312383     0.0204737     0.0294644     0.0849834     0.0328192
        68      -17.9101       7.75754       338.304       11.5375   6     0.0121005     0.0212800     0.0147692     0.0238838    -0.0199481     0.0230105     0.0744096     0.0269890
        69       159.761       9.51858       289.705       9.67016   6    -0.0592031     0.0305235    -0.0544571     0.0320454     0.0534406     0.0316325     0.0519494     0.0359964
        70       89.2231       8.53880       324.868       12.6555   6    -0.0256776     0.0243749     0.0272648     0.0289080     0.0136537     0.0266346     0.0725936     0.0299901
        71      -111.083       9.34483       290.054       10.9784   6     0.0494161     0.0293682   -0.00385795     0.0318297    -0.0497387     0.0309893     0.0514454     0.0336801
        72       6.10655       9.96098       333.865       14.4083   6    0.00478708     0.0257055     0.0492103     0.0312227    -0.0306365     0.0303885     0.0335479     0.0357429
        73      -203.704       9.53904       252.538       11.0849   6     0.0997747     0.0336291    -0.0225727     0.0361356    -0.0922513     0.0359815      0.104161     0.0382740
        74      -62.0040       9.93204       314.836       13.0910   6     0.0154356     0.0271953     0.0320744     0.0331535    -0.0400621     0.0302809     0.0145039     0.0345351
        75       66.9111       9.82797       323.799       13.5339   6    -0.0420815     0.0269459     0.0330618     0.0312209     0.0280852     0.0301946     0.0546157     0.0357552
        76       187.110       6.71624       260.509       7.48950   6    -0.0949798     0.0238375    -0.0284964     0.0248139     0.0729237     0.0255416     0.0776393     0.0263345
        77       104.709       9.24372       296.162       10.2764   6    -0.0407501     0.0263450    -0.0144387     0.0314271     0.0300644     0.0271495     0.0382875     0.0339305
        78      -77.6562       8.39181       280.691       10.1317   6     0.0190379     0.0279229     0.0103382     0.0307835    0.00446371     0.0285871     0.0148538     0.0314132
        79      -169.159       8.08263       260.061       8.93080   6     0.0582758     0.0314121    -0.0477077     0.0306160    -0.0610018     0.0324654     0.0570121     0.0328813
        80      -28.5088       9.94577       303.016       13.5556   6    0.00946097     0.0299840    0.00697652     0.0331626    -0.0437244     0.0330404     0.0807551     0.0365356
        81      -101.083       8.33641       282.008       9.34533   6     0.0272098     0.0255942     0.0316593     0.0290147    -0.0425511     0.0282023   0.000743310     0.0315369
        82       54.0140       9.28397       303.242       13.3800   6    -0.0420419     0.0278731     0.0307960     0.0323097     0.0369999     0.0296447     0.0485241     0.0332740
        83       137.708       7.80228       282.563       9.02295   6    -0.0761470     0.0226646    0.00889798     0.0241984     0.0255774     0.0248884     0.0410850     0.0279421
        84       147.785       7.74463       232.006       6.74939   6    -0.0120562     0.0324744    -0.0783900     0.0321012     0.0268257     0.0302437     0.0495318     0.0351279
        85       5.50400       9.02762       294.146       12.1177   6    -0.0133694     0.0257991     0.0434109     0.0319310    -0.0115377     0.0308550     0.0204134     0.0332639
        86       165.613       8.86906       248.630       10.3557   6    -0.0516942     0.0314858   -0.00580682     0.0314390     0.0485191     0.0327111     0.0763030     0.0358686
        87      -40.7747       8.40624       272.395       11.1076   6    0.00106944     0.0282532     0.0289940     0.0302190     0.0108347     0.0292033     0.0154670     0.0321446
        88       95.8346       7.72834       259.826       9.11966   6    0.00230376     0.0254405    -0.0100312     0.0291028    -0.0322892     0.0276165   0.000757671     0.0297461
        89       60.6101       10.3809       307.228       11.7763   6    -0.0340817     0.0302230    -0.0251246     0.0351310     0.0528403     0.0314780     0.0580223     0.0390650
        90       26.1084       8.08648       263.560       10.6638   6    -0.0154852     0.0288349     0.0616285     0.0332068    -0.0332320     0.0317667    -0.0302467     0.0358691
        91       170.991       8.03284       240.772       7.94904   6  -0.000595774     0.0327282    -0.0925599     0.0329496  -0.000297821     0.0319646     0.0887797     0.0351686
        92      -79.7896       7.32079       237.289       10.6261   6    0.00426465     0.0295451     0.0262413     0.0329068    -0.0109674     0.0306861    -0.0206406     0.0323906
        93       101.840       8.10148       216.243       8.66429   6     0.0251491     0.0314782    -0.0128789     0.0341403    -0.0145081     0.0311788     0.0224016     0.0350787
        94      -140.717       7.22935       234.127       6.51347   6    0.00947812     0.0294890    -0.0639214     0.0300029    -0.0401590     0.0280529     0.0327708     0.0321345
        95      -12.5177       8.77887       228.488       11.2986   6    -0.0127520     0.0304576     0.0796573     0.0398990     0.0206970     0.0349564    -0.0586865     0.0380155
        96       49.8637       8.05982       229.711       9.61566   6     0.0347391     0.0320007     0.0414146     0.0378126    -0.0455180     0.0332342    -0.0412283     0.0384102
        97      -171.220       8.40748       239.756       8.22576   6    0.00782259     0.0342879    -0.0952892     0.0342588   -0.00686340     0.0333721     0.0852380     0.0375590
