# X (arcsec), Y (arcsec), bin number. xshift = -0.01974, yshift = -0.00830007 added to original x and y to get the numbers in this file. the xshift and yshift came from the AO PSF/symmetrization routine. the bin number starts at 1 in this file.
      -1.119740       -0.108300              39
      -1.119740       -0.058300              39
      -1.119740       -0.008300              39
      -1.119740        0.041700              39
      -1.119740        0.091700              39
      -1.119740        0.141700              39
      -1.119740        0.191700              39
      -1.119740        0.241700              39
      -1.119740        0.291700              40
      -1.119740        0.341700              40
      -1.119740        0.391700              40
      -1.069740       -0.408300              31
      -1.069740       -0.358300              31
      -1.069740       -0.308300              31
      -1.069740       -0.258300              39
      -1.069740       -0.208300              39
      -1.069740       -0.158300              39
      -1.069740       -0.108300              39
      -1.069740       -0.058300              39
      -1.069740       -0.008300              39
      -1.069740        0.041700              39
      -1.069740        0.091700              39
      -1.069740        0.141700              39
      -1.069740        0.191700              39
      -1.069740        0.241700              39
      -1.069740        0.291700              40
      -1.069740        0.341700              40
      -1.069740        0.391700              40
      -1.069740        0.441700              40
      -1.069740        0.491700              40
      -1.069740        0.541700              40
      -1.069740        0.591700              40
      -1.069740        0.641700              40
      -1.019740       -0.558300              31
      -1.019740       -0.508300              31
      -1.019740       -0.458300              31
      -1.019740       -0.408300              31
      -1.019740       -0.358300              31
      -1.019740       -0.308300              31
      -1.019740       -0.258300              39
      -1.019740       -0.208300              39
      -1.019740       -0.158300              39
      -1.019740       -0.108300              39
      -1.019740       -0.058300              39
      -1.019740       -0.008300              39
      -1.019740        0.041700              39
      -1.019740        0.091700              39
      -1.019740        0.141700              39
      -1.019740        0.191700              39
      -1.019740        0.241700              39
      -1.019740        0.291700              40
      -1.019740        0.341700              40
      -1.019740        0.391700              40
      -1.019740        0.441700              40
      -1.019740        0.491700              40
      -1.019740        0.541700              40
      -1.019740        0.591700              40
      -1.019740        0.641700              40
      -1.019740        0.691700              40
      -1.019740        0.741700              40
      -1.019740        0.791700              40
      -0.969740       -0.608300              31
      -0.969740       -0.558300              31
      -0.969740       -0.508300              31
      -0.969740       -0.458300              31
      -0.969740       -0.408300              31
      -0.969740       -0.358300              31
      -0.969740       -0.308300              31
      -0.969740       -0.258300              39
      -0.969740       -0.208300              39
      -0.969740       -0.158300              39
      -0.969740       -0.108300              39
      -0.969740       -0.058300              39
      -0.969740       -0.008300              39
      -0.969740        0.041700              39
      -0.969740        0.091700              39
      -0.969740        0.141700              39
      -0.969740        0.191700              39
      -0.969740        0.241700              40
      -0.969740        0.291700              40
      -0.969740        0.341700              40
      -0.969740        0.391700              40
      -0.969740        0.441700              40
      -0.969740        0.491700              40
      -0.969740        0.541700              40
      -0.969740        0.591700              40
      -0.969740        0.641700              40
      -0.969740        0.691700              40
      -0.969740        0.741700              40
      -0.969740        0.791700              40
      -0.969740        0.841700              84
      -0.969740        0.891700              84
      -0.969740        0.941700              84
      -0.919740       -0.708300              31
      -0.919740       -0.658300              31
      -0.919740       -0.608300              31
      -0.919740       -0.558300              31
      -0.919740       -0.508300              31
      -0.919740       -0.458300              31
      -0.919740       -0.408300              31
      -0.919740       -0.358300              31
      -0.919740       -0.308300              31
      -0.919740       -0.258300              31
      -0.919740       -0.208300              39
      -0.919740       -0.158300              39
      -0.919740       -0.108300              39
      -0.919740       -0.058300              39
      -0.919740       -0.008300              39
      -0.919740        0.041700              39
      -0.919740        0.091700              39
      -0.919740        0.141700              39
      -0.919740        0.191700              39
      -0.919740        0.241700              40
      -0.919740        0.291700              40
      -0.919740        0.341700              40
      -0.919740        0.391700              40
      -0.919740        0.441700              40
      -0.919740        0.491700              40
      -0.919740        0.541700              40
      -0.919740        0.591700              40
      -0.919740        0.641700              40
      -0.919740        0.691700              40
      -0.919740        0.741700              40
      -0.919740        0.791700              84
      -0.919740        0.841700              84
      -0.919740        0.891700              84
      -0.919740        0.941700              84
      -0.919740        0.991700              84
      -0.869740       -0.858300              31
      -0.869740       -0.808300              31
      -0.869740       -0.758300              31
      -0.869740       -0.708300              31
      -0.869740       -0.658300              31
      -0.869740       -0.608300              31
      -0.869740       -0.558300              31
      -0.869740       -0.508300              31
      -0.869740       -0.458300              31
      -0.869740       -0.408300              31
      -0.869740       -0.358300              31
      -0.869740       -0.308300              31
      -0.869740       -0.258300              31
      -0.869740       -0.208300              39
      -0.869740       -0.158300              39
      -0.869740       -0.108300              39
      -0.869740       -0.058300              39
      -0.869740       -0.008300              39
      -0.869740        0.041700              39
      -0.869740        0.091700              39
      -0.869740        0.141700              39
      -0.869740        0.191700              39
      -0.869740        0.241700              40
      -0.869740        0.291700              40
      -0.869740        0.341700              40
      -0.869740        0.391700              40
      -0.869740        0.441700              40
      -0.869740        0.491700              40
      -0.869740        0.541700              40
      -0.869740        0.591700              40
      -0.869740        0.641700              40
      -0.869740        0.691700              40
      -0.869740        0.741700              40
      -0.869740        0.791700              84
      -0.869740        0.841700              84
      -0.869740        0.891700              84
      -0.869740        0.941700              84
      -0.869740        0.991700              84
      -0.869740        1.041700              84
      -0.869740        1.091700              84
      -0.869740        1.141700              84
      -0.819740       -0.958300              36
      -0.819740       -0.908300              36
      -0.819740       -0.858300              31
      -0.819740       -0.808300              31
      -0.819740       -0.758300              31
      -0.819740       -0.708300              31
      -0.819740       -0.658300              31
      -0.819740       -0.608300              31
      -0.819740       -0.558300              31
      -0.819740       -0.508300              31
      -0.819740       -0.458300              31
      -0.819740       -0.408300              31
      -0.819740       -0.358300              31
      -0.819740       -0.308300              31
      -0.819740       -0.258300              31
      -0.819740       -0.208300              39
      -0.819740       -0.158300              39
      -0.819740       -0.108300              39
      -0.819740       -0.058300              39
      -0.819740       -0.008300              39
      -0.819740        0.041700              39
      -0.819740        0.091700              39
      -0.819740        0.141700              39
      -0.819740        0.191700              39
      -0.819740        0.241700              40
      -0.819740        0.291700              40
      -0.819740        0.341700              40
      -0.819740        0.391700              40
      -0.819740        0.441700              40
      -0.819740        0.491700              40
      -0.819740        0.541700              40
      -0.819740        0.591700              40
      -0.819740        0.641700              40
      -0.819740        0.691700              40
      -0.819740        0.741700              40
      -0.819740        0.791700              84
      -0.819740        0.841700              84
      -0.819740        0.891700              84
      -0.819740        0.941700              84
      -0.819740        0.991700              84
      -0.819740        1.041700              84
      -0.819740        1.091700              84
      -0.819740        1.141700              84
      -0.769740       -1.008300              36
      -0.769740       -0.958300              36
      -0.769740       -0.908300              36
      -0.769740       -0.858300              36
      -0.769740       -0.808300              31
      -0.769740       -0.758300              31
      -0.769740       -0.708300              31
      -0.769740       -0.658300              31
      -0.769740       -0.608300              31
      -0.769740       -0.558300              31
      -0.769740       -0.508300              31
      -0.769740       -0.458300              31
      -0.769740       -0.408300              31
      -0.769740       -0.358300              31
      -0.769740       -0.308300              31
      -0.769740       -0.258300              31
      -0.769740       -0.208300              31
      -0.769740       -0.158300              39
      -0.769740       -0.108300              39
      -0.769740       -0.058300              39
      -0.769740       -0.008300              39
      -0.769740        0.041700              39
      -0.769740        0.091700              39
      -0.769740        0.141700              39
      -0.769740        0.191700              40
      -0.769740        0.241700              40
      -0.769740        0.291700              40
      -0.769740        0.341700              40
      -0.769740        0.391700              40
      -0.769740        0.441700              40
      -0.769740        0.491700              40
      -0.769740        0.541700              40
      -0.769740        0.591700              40
      -0.769740        0.641700              40
      -0.769740        0.691700              40
      -0.769740        0.741700              84
      -0.769740        0.791700              84
      -0.769740        0.841700              84
      -0.769740        0.891700              84
      -0.769740        0.941700              84
      -0.769740        0.991700              84
      -0.769740        1.041700              84
      -0.769740        1.091700              84
      -0.769740        1.141700              84
      -0.769740        1.191700              84
      -0.719740       -1.058300              36
      -0.719740       -1.008300              36
      -0.719740       -0.958300              36
      -0.719740       -0.908300              36
      -0.719740       -0.858300              36
      -0.719740       -0.808300              36
      -0.719740       -0.758300              31
      -0.719740       -0.708300              31
      -0.719740       -0.658300              31
      -0.719740       -0.608300              31
      -0.719740       -0.558300              31
      -0.719740       -0.508300              31
      -0.719740       -0.458300              31
      -0.719740       -0.408300              31
      -0.719740       -0.358300              31
      -0.719740       -0.308300              31
      -0.719740       -0.258300              31
      -0.719740       -0.208300              31
      -0.719740       -0.158300              33
      -0.719740       -0.108300              33
      -0.719740       -0.058300              33
      -0.719740       -0.008300              33
      -0.719740        0.041700              33
      -0.719740        0.091700              39
      -0.719740        0.141700              39
      -0.719740        0.191700              40
      -0.719740        0.241700              40
      -0.719740        0.291700              40
      -0.719740        0.341700              40
      -0.719740        0.391700              40
      -0.719740        0.441700              40
      -0.719740        0.491700              40
      -0.719740        0.541700              40
      -0.719740        0.591700              40
      -0.719740        0.641700              40
      -0.719740        0.691700              40
      -0.719740        0.741700              84
      -0.719740        0.791700              84
      -0.719740        0.841700              84
      -0.719740        0.891700              84
      -0.719740        0.941700              84
      -0.719740        0.991700              84
      -0.719740        1.041700              84
      -0.719740        1.091700              84
      -0.719740        1.141700              84
      -0.719740        1.191700              84
      -0.719740        1.241700              84
      -0.669740       -1.108300              36
      -0.669740       -1.058300              36
      -0.669740       -1.008300              36
      -0.669740       -0.958300              36
      -0.669740       -0.908300              36
      -0.669740       -0.858300              36
      -0.669740       -0.808300              36
      -0.669740       -0.758300              31
      -0.669740       -0.708300              31
      -0.669740       -0.658300              31
      -0.669740       -0.608300              31
      -0.669740       -0.558300              31
      -0.669740       -0.508300              31
      -0.669740       -0.458300              31
      -0.669740       -0.408300              31
      -0.669740       -0.358300              31
      -0.669740       -0.308300              31
      -0.669740       -0.258300              31
      -0.669740       -0.208300              31
      -0.669740       -0.158300              33
      -0.669740       -0.108300              33
      -0.669740       -0.058300              33
      -0.669740       -0.008300              33
      -0.669740        0.041700              33
      -0.669740        0.091700              33
      -0.669740        0.141700              33
      -0.669740        0.191700              40
      -0.669740        0.241700              40
      -0.669740        0.291700              40
      -0.669740        0.341700              40
      -0.669740        0.391700              40
      -0.669740        0.441700              40
      -0.669740        0.491700              40
      -0.669740        0.541700              40
      -0.669740        0.591700              40
      -0.669740        0.641700              40
      -0.669740        0.691700              84
      -0.669740        0.741700              84
      -0.669740        0.791700              84
      -0.669740        0.841700              84
      -0.669740        0.891700              84
      -0.669740        0.941700              84
      -0.669740        0.991700              84
      -0.669740        1.041700              84
      -0.669740        1.091700              84
      -0.669740        1.141700              84
      -0.669740        1.191700              84
      -0.669740        1.241700              84
      -0.669740        1.291700              84
      -0.619740       -1.108300              36
      -0.619740       -1.058300              36
      -0.619740       -1.008300              36
      -0.619740       -0.958300              36
      -0.619740       -0.908300              36
      -0.619740       -0.858300              36
      -0.619740       -0.808300              36
      -0.619740       -0.758300              36
      -0.619740       -0.708300              31
      -0.619740       -0.658300              31
      -0.619740       -0.608300              31
      -0.619740       -0.558300              31
      -0.619740       -0.508300              31
      -0.619740       -0.458300              31
      -0.619740       -0.408300              31
      -0.619740       -0.358300              31
      -0.619740       -0.308300              31
      -0.619740       -0.258300              31
      -0.619740       -0.208300              33
      -0.619740       -0.158300              33
      -0.619740       -0.108300              33
      -0.619740       -0.058300              33
      -0.619740       -0.008300              33
      -0.619740        0.041700              33
      -0.619740        0.091700              33
      -0.619740        0.141700              33
      -0.619740        0.191700              40
      -0.619740        0.241700              40
      -0.619740        0.291700              40
      -0.619740        0.341700              40
      -0.619740        0.391700              40
      -0.619740        0.441700              40
      -0.619740        0.491700              40
      -0.619740        0.541700              40
      -0.619740        0.591700              40
      -0.619740        0.641700              40
      -0.619740        0.691700              84
      -0.619740        0.741700              84
      -0.619740        0.791700              84
      -0.619740        0.841700              84
      -0.619740        0.891700              84
      -0.619740        0.941700              84
      -0.619740        0.991700              84
      -0.619740        1.041700              84
      -0.619740        1.091700              84
      -0.619740        1.141700              84
      -0.619740        1.191700              84
      -0.619740        1.241700              84
      -0.619740        1.291700              84
      -0.569740       -1.158300              36
      -0.569740       -1.108300              36
      -0.569740       -1.058300              36
      -0.569740       -1.008300              36
      -0.569740       -0.958300              36
      -0.569740       -0.908300              36
      -0.569740       -0.858300              36
      -0.569740       -0.808300              36
      -0.569740       -0.758300              36
      -0.569740       -0.708300              36
      -0.569740       -0.658300              31
      -0.569740       -0.608300              31
      -0.569740       -0.558300              31
      -0.569740       -0.508300              31
      -0.569740       -0.458300              31
      -0.569740       -0.408300              31
      -0.569740       -0.358300              31
      -0.569740       -0.308300              26
      -0.569740       -0.258300              26
      -0.569740       -0.208300              33
      -0.569740       -0.158300              33
      -0.569740       -0.108300              33
      -0.569740       -0.058300              33
      -0.569740       -0.008300              33
      -0.569740        0.041700              33
      -0.569740        0.091700              33
      -0.569740        0.141700              33
      -0.569740        0.191700              40
      -0.569740        0.241700              40
      -0.569740        0.291700              40
      -0.569740        0.341700              40
      -0.569740        0.391700              40
      -0.569740        0.441700              40
      -0.569740        0.491700              40
      -0.569740        0.541700              40
      -0.569740        0.591700              40
      -0.569740        0.641700              84
      -0.569740        0.691700              84
      -0.569740        0.741700              84
      -0.569740        0.791700              84
      -0.569740        0.841700              84
      -0.569740        0.891700              84
      -0.569740        0.941700              84
      -0.569740        0.991700              84
      -0.569740        1.041700              84
      -0.569740        1.091700              84
      -0.569740        1.141700              84
      -0.569740        1.191700              84
      -0.569740        1.241700              84
      -0.569740        1.291700              84
      -0.569740        1.341700              84
      -0.519740       -1.158300              36
      -0.519740       -1.108300              36
      -0.519740       -1.058300              36
      -0.519740       -1.008300              36
      -0.519740       -0.958300              36
      -0.519740       -0.908300              36
      -0.519740       -0.858300              36
      -0.519740       -0.808300              36
      -0.519740       -0.758300              36
      -0.519740       -0.708300              36
      -0.519740       -0.658300              32
      -0.519740       -0.608300              32
      -0.519740       -0.558300              32
      -0.519740       -0.508300              32
      -0.519740       -0.458300              31
      -0.519740       -0.408300              31
      -0.519740       -0.358300              26
      -0.519740       -0.308300              26
      -0.519740       -0.258300              26
      -0.519740       -0.208300              26
      -0.519740       -0.158300              33
      -0.519740       -0.108300              33
      -0.519740       -0.058300              33
      -0.519740       -0.008300              33
      -0.519740        0.041700              33
      -0.519740        0.091700              29
      -0.519740        0.141700              29
      -0.519740        0.191700              41
      -0.519740        0.241700              41
      -0.519740        0.291700              41
      -0.519740        0.341700              40
      -0.519740        0.391700              40
      -0.519740        0.441700              49
      -0.519740        0.491700              49
      -0.519740        0.541700              49
      -0.519740        0.591700              49
      -0.519740        0.641700              84
      -0.519740        0.691700              84
      -0.519740        0.741700              84
      -0.519740        0.791700              84
      -0.519740        0.841700              84
      -0.519740        0.891700              84
      -0.519740        0.941700              84
      -0.519740        0.991700              84
      -0.519740        1.041700              84
      -0.519740        1.091700              84
      -0.519740        1.141700              84
      -0.519740        1.191700              84
      -0.519740        1.241700              84
      -0.519740        1.291700              84
      -0.519740        1.341700              84
      -0.469740       -1.158300              36
      -0.469740       -1.108300              36
      -0.469740       -1.058300              36
      -0.469740       -1.008300              36
      -0.469740       -0.958300              36
      -0.469740       -0.908300              36
      -0.469740       -0.858300              36
      -0.469740       -0.808300              36
      -0.469740       -0.758300              36
      -0.469740       -0.708300              32
      -0.469740       -0.658300              32
      -0.469740       -0.608300              32
      -0.469740       -0.558300              32
      -0.469740       -0.508300              32
      -0.469740       -0.458300              32
      -0.469740       -0.408300              26
      -0.469740       -0.358300              26
      -0.469740       -0.308300              26
      -0.469740       -0.258300              26
      -0.469740       -0.208300              26
      -0.469740       -0.158300              27
      -0.469740       -0.108300              27
      -0.469740       -0.058300              27
      -0.469740       -0.008300              27
      -0.469740        0.041700              29
      -0.469740        0.091700              29
      -0.469740        0.141700              29
      -0.469740        0.191700              41
      -0.469740        0.241700              41
      -0.469740        0.291700              41
      -0.469740        0.341700              41
      -0.469740        0.391700              49
      -0.469740        0.441700              49
      -0.469740        0.491700              49
      -0.469740        0.541700              49
      -0.469740        0.591700              49
      -0.469740        0.641700              49
      -0.469740        0.691700              84
      -0.469740        0.741700              84
      -0.469740        0.791700              84
      -0.469740        0.841700              84
      -0.469740        0.891700              84
      -0.469740        0.941700              84
      -0.469740        0.991700              84
      -0.469740        1.041700              84
      -0.469740        1.091700              84
      -0.469740        1.141700              84
      -0.469740        1.191700              84
      -0.469740        1.241700              84
      -0.469740        1.291700              84
      -0.469740        1.341700              84
      -0.419740       -1.158300              36
      -0.419740       -1.108300              36
      -0.419740       -1.058300              36
      -0.419740       -1.008300              36
      -0.419740       -0.958300              36
      -0.419740       -0.908300              36
      -0.419740       -0.858300              36
      -0.419740       -0.808300              36
      -0.419740       -0.758300              36
      -0.419740       -0.708300              32
      -0.419740       -0.658300              32
      -0.419740       -0.608300              32
      -0.419740       -0.558300              32
      -0.419740       -0.508300              32
      -0.419740       -0.458300              32
      -0.419740       -0.408300              26
      -0.419740       -0.358300              26
      -0.419740       -0.308300              26
      -0.419740       -0.258300              26
      -0.419740       -0.208300              26
      -0.419740       -0.158300              27
      -0.419740       -0.108300              27
      -0.419740       -0.058300              27
      -0.419740       -0.008300              27
      -0.419740        0.041700              29
      -0.419740        0.091700              29
      -0.419740        0.141700              29
      -0.419740        0.191700              41
      -0.419740        0.241700              41
      -0.419740        0.291700              41
      -0.419740        0.341700              41
      -0.419740        0.391700              49
      -0.419740        0.441700              49
      -0.419740        0.491700              49
      -0.419740        0.541700              49
      -0.419740        0.591700              49
      -0.419740        0.641700              49
      -0.419740        0.691700              84
      -0.419740        0.741700              84
      -0.419740        0.791700              84
      -0.419740        0.841700              84
      -0.419740        0.891700              84
      -0.419740        0.941700              84
      -0.419740        0.991700              84
      -0.419740        1.041700              84
      -0.419740        1.091700              84
      -0.419740        1.141700              84
      -0.419740        1.191700              84
      -0.419740        1.241700              84
      -0.419740        1.291700              84
      -0.419740        1.341700              84
      -0.369740       -1.208300              36
      -0.369740       -1.158300              36
      -0.369740       -1.108300              36
      -0.369740       -1.058300              36
      -0.369740       -1.008300              36
      -0.369740       -0.958300              36
      -0.369740       -0.908300              36
      -0.369740       -0.858300              36
      -0.369740       -0.808300              36
      -0.369740       -0.758300              36
      -0.369740       -0.708300              32
      -0.369740       -0.658300              32
      -0.369740       -0.608300              32
      -0.369740       -0.558300              32
      -0.369740       -0.508300              32
      -0.369740       -0.458300              28
      -0.369740       -0.408300              28
      -0.369740       -0.358300              26
      -0.369740       -0.308300              26
      -0.369740       -0.258300              26
      -0.369740       -0.208300              26
      -0.369740       -0.158300              27
      -0.369740       -0.108300              27
      -0.369740       -0.058300              27
      -0.369740       -0.008300              27
      -0.369740        0.041700              29
      -0.369740        0.091700              29
      -0.369740        0.141700              29
      -0.369740        0.191700              41
      -0.369740        0.241700              41
      -0.369740        0.291700              41
      -0.369740        0.341700              41
      -0.369740        0.391700              49
      -0.369740        0.441700              49
      -0.369740        0.491700              49
      -0.369740        0.541700              49
      -0.369740        0.591700              49
      -0.369740        0.641700              49
      -0.369740        0.691700              84
      -0.369740        0.741700              84
      -0.369740        0.791700              84
      -0.369740        0.841700              84
      -0.369740        0.891700              84
      -0.369740        0.941700              84
      -0.369740        0.991700              84
      -0.369740        1.041700              84
      -0.369740        1.091700              84
      -0.369740        1.141700              84
      -0.369740        1.191700              84
      -0.369740        1.241700              84
      -0.369740        1.291700              84
      -0.369740        1.341700              84
      -0.319740       -1.208300              36
      -0.319740       -1.158300              36
      -0.319740       -1.108300              36
      -0.319740       -1.058300              36
      -0.319740       -1.008300              36
      -0.319740       -0.958300              36
      -0.319740       -0.908300              36
      -0.319740       -0.858300              36
      -0.319740       -0.808300              36
      -0.319740       -0.758300              36
      -0.319740       -0.708300              36
      -0.319740       -0.658300              32
      -0.319740       -0.608300              32
      -0.319740       -0.558300              32
      -0.319740       -0.508300              28
      -0.319740       -0.458300              28
      -0.319740       -0.408300              28
      -0.319740       -0.358300              28
      -0.319740       -0.308300              26
      -0.319740       -0.258300              26
      -0.319740       -0.208300              15
      -0.319740       -0.158300              15
      -0.319740       -0.108300              10
      -0.319740       -0.058300              10
      -0.319740       -0.008300              16
      -0.319740        0.041700              16
      -0.319740        0.091700              29
      -0.319740        0.141700              29
      -0.319740        0.191700              41
      -0.319740        0.241700              41
      -0.319740        0.291700              41
      -0.319740        0.341700              48
      -0.319740        0.391700              48
      -0.319740        0.441700              49
      -0.319740        0.491700              49
      -0.319740        0.541700              49
      -0.319740        0.591700              76
      -0.319740        0.641700              76
      -0.319740        0.691700              76
      -0.319740        0.741700              76
      -0.319740        0.791700              84
      -0.319740        0.841700              84
      -0.319740        0.891700              84
      -0.319740        0.941700              84
      -0.319740        0.991700              84
      -0.319740        1.041700              84
      -0.319740        1.091700              84
      -0.319740        1.141700              91
      -0.319740        1.191700              91
      -0.319740        1.241700              91
      -0.319740        1.291700              91
      -0.319740        1.341700              91
      -0.269740       -1.208300              36
      -0.269740       -1.158300              36
      -0.269740       -1.108300              36
      -0.269740       -1.058300              36
      -0.269740       -1.008300              36
      -0.269740       -0.958300              36
      -0.269740       -0.908300              36
      -0.269740       -0.858300              36
      -0.269740       -0.808300              36
      -0.269740       -0.758300              36
      -0.269740       -0.708300              34
      -0.269740       -0.658300              34
      -0.269740       -0.608300              34
      -0.269740       -0.558300              34
      -0.269740       -0.508300              28
      -0.269740       -0.458300              28
      -0.269740       -0.408300              28
      -0.269740       -0.358300              28
      -0.269740       -0.308300              28
      -0.269740       -0.258300              15
      -0.269740       -0.208300              15
      -0.269740       -0.158300              15
      -0.269740       -0.108300              10
      -0.269740       -0.058300              10
      -0.269740       -0.008300              16
      -0.269740        0.041700              16
      -0.269740        0.091700              30
      -0.269740        0.141700              42
      -0.269740        0.191700              42
      -0.269740        0.241700              42
      -0.269740        0.291700              48
      -0.269740        0.341700              48
      -0.269740        0.391700              48
      -0.269740        0.441700              48
      -0.269740        0.491700              76
      -0.269740        0.541700              76
      -0.269740        0.591700              76
      -0.269740        0.641700              76
      -0.269740        0.691700              76
      -0.269740        0.741700              76
      -0.269740        0.791700              76
      -0.269740        0.841700              84
      -0.269740        0.891700              84
      -0.269740        0.941700              84
      -0.269740        0.991700              91
      -0.269740        1.041700              91
      -0.269740        1.091700              91
      -0.269740        1.141700              91
      -0.269740        1.191700              91
      -0.269740        1.241700              91
      -0.269740        1.291700              91
      -0.269740        1.341700              91
      -0.219740       -1.208300              36
      -0.219740       -1.158300              36
      -0.219740       -1.108300              36
      -0.219740       -1.058300              36
      -0.219740       -1.008300              36
      -0.219740       -0.958300              36
      -0.219740       -0.908300              36
      -0.219740       -0.858300              36
      -0.219740       -0.808300              36
      -0.219740       -0.758300              34
      -0.219740       -0.708300              34
      -0.219740       -0.658300              34
      -0.219740       -0.608300              34
      -0.219740       -0.558300              34
      -0.219740       -0.508300              28
      -0.219740       -0.458300              28
      -0.219740       -0.408300              28
      -0.219740       -0.358300              28
      -0.219740       -0.308300              20
      -0.219740       -0.258300              15
      -0.219740       -0.208300              15
      -0.219740       -0.158300              15
      -0.219740       -0.108300              10
      -0.219740       -0.058300              10
      -0.219740       -0.008300              16
      -0.219740        0.041700              16
      -0.219740        0.091700              30
      -0.219740        0.141700              30
      -0.219740        0.191700              42
      -0.219740        0.241700              42
      -0.219740        0.291700              48
      -0.219740        0.341700              48
      -0.219740        0.391700              48
      -0.219740        0.441700              48
      -0.219740        0.491700              76
      -0.219740        0.541700              76
      -0.219740        0.591700              76
      -0.219740        0.641700              76
      -0.219740        0.691700              76
      -0.219740        0.741700              76
      -0.219740        0.791700              76
      -0.219740        0.841700              84
      -0.219740        0.891700              91
      -0.219740        0.941700              91
      -0.219740        0.991700              91
      -0.219740        1.041700              91
      -0.219740        1.091700              91
      -0.219740        1.141700              91
      -0.219740        1.191700              91
      -0.219740        1.241700              91
      -0.219740        1.291700              91
      -0.219740        1.341700              91
      -0.169740       -1.208300              97
      -0.169740       -1.158300              97
      -0.169740       -1.108300              97
      -0.169740       -1.058300              97
      -0.169740       -1.008300              36
      -0.169740       -0.958300              36
      -0.169740       -0.908300              36
      -0.169740       -0.858300              36
      -0.169740       -0.808300              34
      -0.169740       -0.758300              34
      -0.169740       -0.708300              34
      -0.169740       -0.658300              34
      -0.169740       -0.608300              34
      -0.169740       -0.558300              34
      -0.169740       -0.508300              34
      -0.169740       -0.458300              28
      -0.169740       -0.408300              28
      -0.169740       -0.358300              20
      -0.169740       -0.308300              20
      -0.169740       -0.258300              20
      -0.169740       -0.208300              14
      -0.169740       -0.158300              14
      -0.169740       -0.108300               9
      -0.169740       -0.058300              11
      -0.169740       -0.008300              11
      -0.169740        0.041700              11
      -0.169740        0.091700              30
      -0.169740        0.141700              44
      -0.169740        0.191700              44
      -0.169740        0.241700              50
      -0.169740        0.291700              50
      -0.169740        0.341700              48
      -0.169740        0.391700              48
      -0.169740        0.441700              48
      -0.169740        0.491700              76
      -0.169740        0.541700              76
      -0.169740        0.591700              76
      -0.169740        0.641700              76
      -0.169740        0.691700              76
      -0.169740        0.741700              76
      -0.169740        0.791700              76
      -0.169740        0.841700              91
      -0.169740        0.891700              91
      -0.169740        0.941700              91
      -0.169740        0.991700              91
      -0.169740        1.041700              91
      -0.169740        1.091700              91
      -0.169740        1.141700              91
      -0.169740        1.191700              91
      -0.169740        1.241700              91
      -0.169740        1.291700              91
      -0.169740        1.341700              91
      -0.119740       -1.208300              97
      -0.119740       -1.158300              97
      -0.119740       -1.108300              97
      -0.119740       -1.058300              97
      -0.119740       -1.008300              97
      -0.119740       -0.958300              97
      -0.119740       -0.908300              97
      -0.119740       -0.858300              36
      -0.119740       -0.808300              34
      -0.119740       -0.758300              34
      -0.119740       -0.708300              34
      -0.119740       -0.658300              34
      -0.119740       -0.608300              34
      -0.119740       -0.558300              34
      -0.119740       -0.508300              34
      -0.119740       -0.458300              35
      -0.119740       -0.408300              35
      -0.119740       -0.358300              20
      -0.119740       -0.308300              20
      -0.119740       -0.258300              20
      -0.119740       -0.208300              12
      -0.119740       -0.158300              12
      -0.119740       -0.108300               9
      -0.119740       -0.058300               3
      -0.119740       -0.008300               2
      -0.119740        0.041700              17
      -0.119740        0.091700              43
      -0.119740        0.141700              45
      -0.119740        0.191700              45
      -0.119740        0.241700              50
      -0.119740        0.291700              50
      -0.119740        0.341700              69
      -0.119740        0.391700              69
      -0.119740        0.441700              69
      -0.119740        0.491700              76
      -0.119740        0.541700              76
      -0.119740        0.591700              76
      -0.119740        0.641700              76
      -0.119740        0.691700              76
      -0.119740        0.741700              76
      -0.119740        0.791700              76
      -0.119740        0.841700              91
      -0.119740        0.891700              91
      -0.119740        0.941700              91
      -0.119740        0.991700              91
      -0.119740        1.041700              91
      -0.119740        1.091700              91
      -0.119740        1.141700              91
      -0.119740        1.191700              91
      -0.119740        1.241700              91
      -0.119740        1.291700              91
      -0.119740        1.341700              91
      -0.119740        1.391700              91
      -0.069740       -1.258300              97
      -0.069740       -1.208300              97
      -0.069740       -1.158300              97
      -0.069740       -1.108300              97
      -0.069740       -1.058300              97
      -0.069740       -1.008300              97
      -0.069740       -0.958300              97
      -0.069740       -0.908300              97
      -0.069740       -0.858300              97
      -0.069740       -0.808300              34
      -0.069740       -0.758300              34
      -0.069740       -0.708300              34
      -0.069740       -0.658300              34
      -0.069740       -0.608300              34
      -0.069740       -0.558300              34
      -0.069740       -0.508300              35
      -0.069740       -0.458300              35
      -0.069740       -0.408300              35
      -0.069740       -0.358300              35
      -0.069740       -0.308300              21
      -0.069740       -0.258300              21
      -0.069740       -0.208300              12
      -0.069740       -0.158300              13
      -0.069740       -0.108300               7
      -0.069740       -0.058300               4
      -0.069740       -0.008300               1
      -0.069740        0.041700              19
      -0.069740        0.091700              46
      -0.069740        0.141700              51
      -0.069740        0.191700              54
      -0.069740        0.241700              50
      -0.069740        0.291700              50
      -0.069740        0.341700              69
      -0.069740        0.391700              69
      -0.069740        0.441700              69
      -0.069740        0.491700              76
      -0.069740        0.541700              76
      -0.069740        0.591700              76
      -0.069740        0.641700              76
      -0.069740        0.691700              76
      -0.069740        0.741700              76
      -0.069740        0.791700              86
      -0.069740        0.841700              86
      -0.069740        0.891700              91
      -0.069740        0.941700              91
      -0.069740        0.991700              91
      -0.069740        1.041700              91
      -0.069740        1.091700              91
      -0.069740        1.141700              91
      -0.069740        1.191700              91
      -0.069740        1.241700              91
      -0.069740        1.291700              91
      -0.069740        1.341700              91
      -0.019740       -1.258300              97
      -0.019740       -1.208300              97
      -0.019740       -1.158300              97
      -0.019740       -1.108300              97
      -0.019740       -1.058300              97
      -0.019740       -1.008300              97
      -0.019740       -0.958300              97
      -0.019740       -0.908300              97
      -0.019740       -0.858300              97
      -0.019740       -0.808300              73
      -0.019740       -0.758300              73
      -0.019740       -0.708300              34
      -0.019740       -0.658300              34
      -0.019740       -0.608300              34
      -0.019740       -0.558300              38
      -0.019740       -0.508300              38
      -0.019740       -0.458300              35
      -0.019740       -0.408300              35
      -0.019740       -0.358300              37
      -0.019740       -0.308300              21
      -0.019740       -0.258300              21
      -0.019740       -0.208300              18
      -0.019740       -0.158300              18
      -0.019740       -0.108300               8
      -0.019740       -0.058300               5
      -0.019740       -0.008300               6
      -0.019740        0.041700              47
      -0.019740        0.091700              52
      -0.019740        0.141700              54
      -0.019740        0.191700              54
      -0.019740        0.241700              67
      -0.019740        0.291700              67
      -0.019740        0.341700              69
      -0.019740        0.391700              69
      -0.019740        0.441700              83
      -0.019740        0.491700              83
      -0.019740        0.541700              83
      -0.019740        0.591700              76
      -0.019740        0.641700              76
      -0.019740        0.691700              86
      -0.019740        0.741700              86
      -0.019740        0.791700              86
      -0.019740        0.841700              86
      -0.019740        0.891700              86
      -0.019740        0.941700              91
      -0.019740        0.991700              91
      -0.019740        1.041700              91
      -0.019740        1.091700              91
      -0.019740        1.141700              91
      -0.019740        1.191700              91
      -0.019740        1.241700              91
      -0.019740        1.291700              91
      -0.019740        1.341700              91
       0.030260       -1.258300              97
       0.030260       -1.208300              97
       0.030260       -1.158300              97
       0.030260       -1.108300              97
       0.030260       -1.058300              97
       0.030260       -1.008300              97
       0.030260       -0.958300              97
       0.030260       -0.908300              97
       0.030260       -0.858300              73
       0.030260       -0.808300              73
       0.030260       -0.758300              73
       0.030260       -0.708300              73
       0.030260       -0.658300              73
       0.030260       -0.608300              38
       0.030260       -0.558300              38
       0.030260       -0.508300              38
       0.030260       -0.458300              38
       0.030260       -0.408300              37
       0.030260       -0.358300              37
       0.030260       -0.308300              37
       0.030260       -0.258300              25
       0.030260       -0.208300              25
       0.030260       -0.158300              23
       0.030260       -0.108300              22
       0.030260       -0.058300              24
       0.030260       -0.008300              53
       0.030260        0.041700              56
       0.030260        0.091700              59
       0.030260        0.141700              62
       0.030260        0.191700              62
       0.030260        0.241700              67
       0.030260        0.291700              67
       0.030260        0.341700              83
       0.030260        0.391700              83
       0.030260        0.441700              83
       0.030260        0.491700              83
       0.030260        0.541700              83
       0.030260        0.591700              83
       0.030260        0.641700              86
       0.030260        0.691700              86
       0.030260        0.741700              86
       0.030260        0.791700              86
       0.030260        0.841700              86
       0.030260        0.891700              86
       0.030260        0.941700              91
       0.030260        0.991700              91
       0.030260        1.041700              91
       0.030260        1.091700              91
       0.030260        1.141700              91
       0.030260        1.191700              91
       0.030260        1.241700              91
       0.030260        1.291700              91
       0.030260        1.341700              91
       0.030260        1.391700              91
       0.080260       -1.258300              97
       0.080260       -1.208300              97
       0.080260       -1.158300              97
       0.080260       -1.108300              97
       0.080260       -1.058300              97
       0.080260       -1.008300              97
       0.080260       -0.958300              97
       0.080260       -0.908300              97
       0.080260       -0.858300              73
       0.080260       -0.808300              73
       0.080260       -0.758300              73
       0.080260       -0.708300              73
       0.080260       -0.658300              73
       0.080260       -0.608300              38
       0.080260       -0.558300              38
       0.080260       -0.508300              38
       0.080260       -0.458300              38
       0.080260       -0.408300              37
       0.080260       -0.358300              37
       0.080260       -0.308300              37
       0.080260       -0.258300              55
       0.080260       -0.208300              55
       0.080260       -0.158300              57
       0.080260       -0.108300              58
       0.080260       -0.058300              58
       0.080260       -0.008300              60
       0.080260        0.041700              61
       0.080260        0.091700              61
       0.080260        0.141700              70
       0.080260        0.191700              70
       0.080260        0.241700              77
       0.080260        0.291700              77
       0.080260        0.341700              77
       0.080260        0.391700              83
       0.080260        0.441700              83
       0.080260        0.491700              83
       0.080260        0.541700              83
       0.080260        0.591700              83
       0.080260        0.641700              86
       0.080260        0.691700              86
       0.080260        0.741700              86
       0.080260        0.791700              86
       0.080260        0.841700              86
       0.080260        0.891700              86
       0.080260        0.941700              86
       0.080260        0.991700              91
       0.080260        1.041700              91
       0.080260        1.091700              91
       0.080260        1.141700              91
       0.080260        1.191700              91
       0.080260        1.241700              91
       0.080260        1.291700              91
       0.080260        1.341700              91
       0.080260        1.391700              91
       0.130260       -1.258300              97
       0.130260       -1.208300              97
       0.130260       -1.158300              97
       0.130260       -1.108300              97
       0.130260       -1.058300              97
       0.130260       -1.008300              97
       0.130260       -0.958300              97
       0.130260       -0.908300              97
       0.130260       -0.858300              73
       0.130260       -0.808300              73
       0.130260       -0.758300              73
       0.130260       -0.708300              73
       0.130260       -0.658300              73
       0.130260       -0.608300              38
       0.130260       -0.558300              38
       0.130260       -0.508300              38
       0.130260       -0.458300              38
       0.130260       -0.408300              65
       0.130260       -0.358300              65
       0.130260       -0.308300              65
       0.130260       -0.258300              55
       0.130260       -0.208300              55
       0.130260       -0.158300              63
       0.130260       -0.108300              64
       0.130260       -0.058300              66
       0.130260       -0.008300              68
       0.130260        0.041700              68
       0.130260        0.091700              61
       0.130260        0.141700              75
       0.130260        0.191700              75
       0.130260        0.241700              77
       0.130260        0.291700              77
       0.130260        0.341700              77
       0.130260        0.391700              83
       0.130260        0.441700              83
       0.130260        0.491700              83
       0.130260        0.541700              83
       0.130260        0.591700              88
       0.130260        0.641700              86
       0.130260        0.691700              86
       0.130260        0.741700              86
       0.130260        0.791700              86
       0.130260        0.841700              86
       0.130260        0.891700              86
       0.130260        0.941700              86
       0.130260        0.991700              91
       0.130260        1.041700              91
       0.130260        1.091700              91
       0.130260        1.141700              91
       0.130260        1.191700              91
       0.130260        1.241700              91
       0.130260        1.291700              91
       0.130260        1.341700              91
       0.180260       -1.258300              97
       0.180260       -1.208300              97
       0.180260       -1.158300              97
       0.180260       -1.108300              97
       0.180260       -1.058300              97
       0.180260       -1.008300              97
       0.180260       -0.958300              97
       0.180260       -0.908300              97
       0.180260       -0.858300              73
       0.180260       -0.808300              73
       0.180260       -0.758300              73
       0.180260       -0.708300              73
       0.180260       -0.658300              73
       0.180260       -0.608300              79
       0.180260       -0.558300              79
       0.180260       -0.508300              79
       0.180260       -0.458300              65
       0.180260       -0.408300              65
       0.180260       -0.358300              65
       0.180260       -0.308300              65
       0.180260       -0.258300              71
       0.180260       -0.208300              63
       0.180260       -0.158300              63
       0.180260       -0.108300              64
       0.180260       -0.058300              74
       0.180260       -0.008300              68
       0.180260        0.041700              72
       0.180260        0.091700              72
       0.180260        0.141700              75
       0.180260        0.191700              82
       0.180260        0.241700              82
       0.180260        0.291700              77
       0.180260        0.341700              89
       0.180260        0.391700              89
       0.180260        0.441700              88
       0.180260        0.491700              88
       0.180260        0.541700              88
       0.180260        0.591700              88
       0.180260        0.641700              88
       0.180260        0.691700              86
       0.180260        0.741700              86
       0.180260        0.791700              86
       0.180260        0.841700              86
       0.180260        0.891700              86
       0.180260        0.941700              93
       0.180260        0.991700              93
       0.180260        1.041700              93
       0.180260        1.091700              93
       0.180260        1.141700              91
       0.180260        1.191700              91
       0.180260        1.241700              91
       0.180260        1.291700              91
       0.180260        1.341700              91
       0.230260       -1.258300              97
       0.230260       -1.208300              97
       0.230260       -1.158300              97
       0.230260       -1.108300              97
       0.230260       -1.058300              97
       0.230260       -1.008300              97
       0.230260       -0.958300              97
       0.230260       -0.908300              97
       0.230260       -0.858300              73
       0.230260       -0.808300              73
       0.230260       -0.758300              73
       0.230260       -0.708300              73
       0.230260       -0.658300              79
       0.230260       -0.608300              79
       0.230260       -0.558300              79
       0.230260       -0.508300              79
       0.230260       -0.458300              79
       0.230260       -0.408300              65
       0.230260       -0.358300              65
       0.230260       -0.308300              71
       0.230260       -0.258300              71
       0.230260       -0.208300              71
       0.230260       -0.158300              63
       0.230260       -0.108300              74
       0.230260       -0.058300              74
       0.230260       -0.008300              80
       0.230260        0.041700              72
       0.230260        0.091700              72
       0.230260        0.141700              82
       0.230260        0.191700              82
       0.230260        0.241700              82
       0.230260        0.291700              89
       0.230260        0.341700              89
       0.230260        0.391700              89
       0.230260        0.441700              88
       0.230260        0.491700              88
       0.230260        0.541700              88
       0.230260        0.591700              88
       0.230260        0.641700              88
       0.230260        0.691700              88
       0.230260        0.741700              86
       0.230260        0.791700              86
       0.230260        0.841700              86
       0.230260        0.891700              93
       0.230260        0.941700              93
       0.230260        0.991700              93
       0.230260        1.041700              93
       0.230260        1.091700              93
       0.230260        1.141700              93
       0.230260        1.191700              93
       0.230260        1.241700              93
       0.230260        1.291700              93
       0.230260        1.341700              93
       0.280260       -1.258300              97
       0.280260       -1.208300              97
       0.280260       -1.158300              97
       0.280260       -1.108300              97
       0.280260       -1.058300              97
       0.280260       -1.008300              97
       0.280260       -0.958300              97
       0.280260       -0.908300              94
       0.280260       -0.858300              94
       0.280260       -0.808300              94
       0.280260       -0.758300              94
       0.280260       -0.708300              79
       0.280260       -0.658300              79
       0.280260       -0.608300              79
       0.280260       -0.558300              79
       0.280260       -0.508300              79
       0.280260       -0.458300              79
       0.280260       -0.408300              81
       0.280260       -0.358300              81
       0.280260       -0.308300              71
       0.280260       -0.258300              71
       0.280260       -0.208300              78
       0.280260       -0.158300              78
       0.280260       -0.108300              74
       0.280260       -0.058300              80
       0.280260       -0.008300              80
       0.280260        0.041700              80
       0.280260        0.091700              85
       0.280260        0.141700              85
       0.280260        0.191700              82
       0.280260        0.241700              89
       0.280260        0.291700              89
       0.280260        0.341700              89
       0.280260        0.391700              89
       0.280260        0.441700              88
       0.280260        0.491700              88
       0.280260        0.541700              88
       0.280260        0.591700              88
       0.280260        0.641700              88
       0.280260        0.691700              88
       0.280260        0.741700              88
       0.280260        0.791700              93
       0.280260        0.841700              93
       0.280260        0.891700              93
       0.280260        0.941700              93
       0.280260        0.991700              93
       0.280260        1.041700              93
       0.280260        1.091700              93
       0.280260        1.141700              93
       0.280260        1.191700              93
       0.280260        1.241700              93
       0.280260        1.291700              93
       0.280260        1.341700              93
       0.330260       -1.258300              97
       0.330260       -1.208300              97
       0.330260       -1.158300              97
       0.330260       -1.108300              97
       0.330260       -1.058300              94
       0.330260       -1.008300              94
       0.330260       -0.958300              94
       0.330260       -0.908300              94
       0.330260       -0.858300              94
       0.330260       -0.808300              94
       0.330260       -0.758300              94
       0.330260       -0.708300              79
       0.330260       -0.658300              79
       0.330260       -0.608300              79
       0.330260       -0.558300              79
       0.330260       -0.508300              79
       0.330260       -0.458300              81
       0.330260       -0.408300              81
       0.330260       -0.358300              81
       0.330260       -0.308300              81
       0.330260       -0.258300              78
       0.330260       -0.208300              78
       0.330260       -0.158300              78
       0.330260       -0.108300              78
       0.330260       -0.058300              80
       0.330260       -0.008300              80
       0.330260        0.041700              85
       0.330260        0.091700              85
       0.330260        0.141700              85
       0.330260        0.191700              85
       0.330260        0.241700              90
       0.330260        0.291700              89
       0.330260        0.341700              89
       0.330260        0.391700              89
       0.330260        0.441700              88
       0.330260        0.491700              88
       0.330260        0.541700              88
       0.330260        0.591700              88
       0.330260        0.641700              88
       0.330260        0.691700              88
       0.330260        0.741700              88
       0.330260        0.791700              93
       0.330260        0.841700              93
       0.330260        0.891700              93
       0.330260        0.941700              93
       0.330260        0.991700              93
       0.330260        1.041700              93
       0.330260        1.091700              93
       0.330260        1.141700              93
       0.330260        1.191700              93
       0.330260        1.241700              93
       0.330260        1.291700              93
       0.330260        1.341700              93
       0.380260       -1.258300              94
       0.380260       -1.208300              94
       0.380260       -1.158300              94
       0.380260       -1.108300              94
       0.380260       -1.058300              94
       0.380260       -1.008300              94
       0.380260       -0.958300              94
       0.380260       -0.908300              94
       0.380260       -0.858300              94
       0.380260       -0.808300              94
       0.380260       -0.758300              94
       0.380260       -0.708300              94
       0.380260       -0.658300              79
       0.380260       -0.608300              79
       0.380260       -0.558300              79
       0.380260       -0.508300              79
       0.380260       -0.458300              81
       0.380260       -0.408300              81
       0.380260       -0.358300              81
       0.380260       -0.308300              81
       0.380260       -0.258300              78
       0.380260       -0.208300              78
       0.380260       -0.158300              78
       0.380260       -0.108300              78
       0.380260       -0.058300              87
       0.380260       -0.008300              87
       0.380260        0.041700              85
       0.380260        0.091700              85
       0.380260        0.141700              85
       0.380260        0.191700              85
       0.380260        0.241700              90
       0.380260        0.291700              90
       0.380260        0.341700              90
       0.380260        0.391700              90
       0.380260        0.441700              88
       0.380260        0.491700              88
       0.380260        0.541700              88
       0.380260        0.591700              88
       0.380260        0.641700              88
       0.380260        0.691700              88
       0.380260        0.741700              93
       0.380260        0.791700              93
       0.380260        0.841700              93
       0.380260        0.891700              93
       0.380260        0.941700              93
       0.380260        0.991700              93
       0.380260        1.041700              93
       0.380260        1.091700              93
       0.380260        1.141700              93
       0.380260        1.191700              93
       0.380260        1.241700              93
       0.380260        1.291700              93
       0.380260        1.341700              93
       0.430260       -1.258300              94
       0.430260       -1.208300              94
       0.430260       -1.158300              94
       0.430260       -1.108300              94
       0.430260       -1.058300              94
       0.430260       -1.008300              94
       0.430260       -0.958300              94
       0.430260       -0.908300              94
       0.430260       -0.858300              94
       0.430260       -0.808300              94
       0.430260       -0.758300              94
       0.430260       -0.708300              94
       0.430260       -0.658300              94
       0.430260       -0.608300              79
       0.430260       -0.558300              79
       0.430260       -0.508300              81
       0.430260       -0.458300              81
       0.430260       -0.408300              81
       0.430260       -0.358300              81
       0.430260       -0.308300              81
       0.430260       -0.258300              78
       0.430260       -0.208300              78
       0.430260       -0.158300              78
       0.430260       -0.108300              87
       0.430260       -0.058300              87
       0.430260       -0.008300              87
       0.430260        0.041700              87
       0.430260        0.091700              85
       0.430260        0.141700              85
       0.430260        0.191700              90
       0.430260        0.241700              90
       0.430260        0.291700              90
       0.430260        0.341700              90
       0.430260        0.391700              90
       0.430260        0.441700              88
       0.430260        0.491700              88
       0.430260        0.541700              88
       0.430260        0.591700              88
       0.430260        0.641700              88
       0.430260        0.691700              88
       0.430260        0.741700              93
       0.430260        0.791700              93
       0.430260        0.841700              93
       0.430260        0.891700              93
       0.430260        0.941700              93
       0.430260        0.991700              93
       0.430260        1.041700              93
       0.430260        1.091700              93
       0.430260        1.141700              93
       0.430260        1.191700              93
       0.430260        1.241700              93
       0.430260        1.291700              93
       0.430260        1.341700              93
       0.480260       -1.258300              94
       0.480260       -1.208300              94
       0.480260       -1.158300              94
       0.480260       -1.108300              94
       0.480260       -1.058300              94
       0.480260       -1.008300              94
       0.480260       -0.958300              94
       0.480260       -0.908300              94
       0.480260       -0.858300              94
       0.480260       -0.808300              94
       0.480260       -0.758300              94
       0.480260       -0.708300              94
       0.480260       -0.658300              94
       0.480260       -0.608300              94
       0.480260       -0.558300              94
       0.480260       -0.508300              81
       0.480260       -0.458300              81
       0.480260       -0.408300              81
       0.480260       -0.358300              81
       0.480260       -0.308300              81
       0.480260       -0.258300              81
       0.480260       -0.208300              78
       0.480260       -0.158300              87
       0.480260       -0.108300              87
       0.480260       -0.058300              87
       0.480260       -0.008300              87
       0.480260        0.041700              87
       0.480260        0.091700              87
       0.480260        0.141700              90
       0.480260        0.191700              90
       0.480260        0.241700              90
       0.480260        0.291700              90
       0.480260        0.341700              90
       0.480260        0.391700              90
       0.480260        0.441700              90
       0.480260        0.491700              88
       0.480260        0.541700              88
       0.480260        0.591700              88
       0.480260        0.641700              88
       0.480260        0.691700              93
       0.480260        0.741700              93
       0.480260        0.791700              93
       0.480260        0.841700              93
       0.480260        0.891700              93
       0.480260        0.941700              93
       0.480260        0.991700              93
       0.480260        1.041700              93
       0.480260        1.091700              93
       0.480260        1.141700              93
       0.480260        1.191700              93
       0.480260        1.241700              93
       0.480260        1.291700              93
       0.530260       -1.258300              94
       0.530260       -1.208300              94
       0.530260       -1.158300              94
       0.530260       -1.108300              94
       0.530260       -1.058300              94
       0.530260       -1.008300              94
       0.530260       -0.958300              94
       0.530260       -0.908300              94
       0.530260       -0.858300              94
       0.530260       -0.808300              94
       0.530260       -0.758300              94
       0.530260       -0.708300              94
       0.530260       -0.658300              94
       0.530260       -0.608300              94
       0.530260       -0.558300              94
       0.530260       -0.508300              81
       0.530260       -0.458300              81
       0.530260       -0.408300              81
       0.530260       -0.358300              81
       0.530260       -0.308300              81
       0.530260       -0.258300              81
       0.530260       -0.208300              87
       0.530260       -0.158300              87
       0.530260       -0.108300              87
       0.530260       -0.058300              87
       0.530260       -0.008300              87
       0.530260        0.041700              87
       0.530260        0.091700              87
       0.530260        0.141700              90
       0.530260        0.191700              90
       0.530260        0.241700              90
       0.530260        0.291700              90
       0.530260        0.341700              90
       0.530260        0.391700              90
       0.530260        0.441700              90
       0.530260        0.491700              96
       0.530260        0.541700              96
       0.530260        0.591700              96
       0.530260        0.641700              96
       0.530260        0.691700              96
       0.530260        0.741700              93
       0.530260        0.791700              93
       0.530260        0.841700              93
       0.530260        0.891700              93
       0.530260        0.941700              93
       0.530260        0.991700              93
       0.530260        1.041700              93
       0.530260        1.091700              93
       0.530260        1.141700              93
       0.530260        1.191700              93
       0.530260        1.241700              93
       0.530260        1.291700              93
       0.580260       -1.208300              94
       0.580260       -1.158300              94
       0.580260       -1.108300              94
       0.580260       -1.058300              94
       0.580260       -1.008300              94
       0.580260       -0.958300              94
       0.580260       -0.908300              94
       0.580260       -0.858300              94
       0.580260       -0.808300              94
       0.580260       -0.758300              94
       0.580260       -0.708300              94
       0.580260       -0.658300              94
       0.580260       -0.608300              94
       0.580260       -0.558300              94
       0.580260       -0.508300              92
       0.580260       -0.458300              92
       0.580260       -0.408300              92
       0.580260       -0.358300              92
       0.580260       -0.308300              92
       0.580260       -0.258300              92
       0.580260       -0.208300              87
       0.580260       -0.158300              87
       0.580260       -0.108300              87
       0.580260       -0.058300              87
       0.580260       -0.008300              87
       0.580260        0.041700              87
       0.580260        0.091700              87
       0.580260        0.141700              90
       0.580260        0.191700              90
       0.580260        0.241700              90
       0.580260        0.291700              90
       0.580260        0.341700              90
       0.580260        0.391700              90
       0.580260        0.441700              96
       0.580260        0.491700              96
       0.580260        0.541700              96
       0.580260        0.591700              96
       0.580260        0.641700              96
       0.580260        0.691700              96
       0.580260        0.741700              96
       0.580260        0.791700              93
       0.580260        0.841700              93
       0.580260        0.891700              93
       0.580260        0.941700              93
       0.580260        0.991700              93
       0.580260        1.041700              93
       0.580260        1.091700              93
       0.580260        1.141700              93
       0.580260        1.191700              93
       0.580260        1.241700              93
       0.580260        1.291700              93
       0.630260       -1.208300              94
       0.630260       -1.158300              94
       0.630260       -1.108300              94
       0.630260       -1.058300              94
       0.630260       -1.008300              94
       0.630260       -0.958300              94
       0.630260       -0.908300              94
       0.630260       -0.858300              94
       0.630260       -0.808300              94
       0.630260       -0.758300              94
       0.630260       -0.708300              94
       0.630260       -0.658300              94
       0.630260       -0.608300              94
       0.630260       -0.558300              92
       0.630260       -0.508300              92
       0.630260       -0.458300              92
       0.630260       -0.408300              92
       0.630260       -0.358300              92
       0.630260       -0.308300              92
       0.630260       -0.258300              92
       0.630260       -0.208300              92
       0.630260       -0.158300              87
       0.630260       -0.108300              87
       0.630260       -0.058300              87
       0.630260       -0.008300              87
       0.630260        0.041700              87
       0.630260        0.091700              95
       0.630260        0.141700              95
       0.630260        0.191700              90
       0.630260        0.241700              90
       0.630260        0.291700              90
       0.630260        0.341700              90
       0.630260        0.391700              96
       0.630260        0.441700              96
       0.630260        0.491700              96
       0.630260        0.541700              96
       0.630260        0.591700              96
       0.630260        0.641700              96
       0.630260        0.691700              96
       0.630260        0.741700              96
       0.630260        0.791700              93
       0.630260        0.841700              93
       0.630260        0.891700              93
       0.630260        0.941700              93
       0.630260        0.991700              93
       0.630260        1.041700              93
       0.630260        1.091700              93
       0.630260        1.141700              93
       0.630260        1.191700              93
       0.630260        1.241700              93
       0.630260        1.291700              93
       0.680260       -1.208300              94
       0.680260       -1.158300              94
       0.680260       -1.108300              94
       0.680260       -1.058300              94
       0.680260       -1.008300              94
       0.680260       -0.958300              94
       0.680260       -0.908300              94
       0.680260       -0.858300              94
       0.680260       -0.808300              94
       0.680260       -0.758300              94
       0.680260       -0.708300              94
       0.680260       -0.658300              94
       0.680260       -0.608300              94
       0.680260       -0.558300              92
       0.680260       -0.508300              92
       0.680260       -0.458300              92
       0.680260       -0.408300              92
       0.680260       -0.358300              92
       0.680260       -0.308300              92
       0.680260       -0.258300              92
       0.680260       -0.208300              92
       0.680260       -0.158300              92
       0.680260       -0.108300              95
       0.680260       -0.058300              95
       0.680260       -0.008300              95
       0.680260        0.041700              95
       0.680260        0.091700              95
       0.680260        0.141700              95
       0.680260        0.191700              95
       0.680260        0.241700              95
       0.680260        0.291700              96
       0.680260        0.341700              96
       0.680260        0.391700              96
       0.680260        0.441700              96
       0.680260        0.491700              96
       0.680260        0.541700              96
       0.680260        0.591700              96
       0.680260        0.641700              96
       0.680260        0.691700              96
       0.680260        0.741700              96
       0.680260        0.791700              96
       0.680260        0.841700              93
       0.680260        0.891700              93
       0.680260        0.941700              93
       0.680260        0.991700              93
       0.680260        1.041700              93
       0.680260        1.091700              93
       0.680260        1.141700              93
       0.680260        1.191700              93
       0.680260        1.241700              93
       0.730260       -1.208300              94
       0.730260       -1.158300              94
       0.730260       -1.108300              94
       0.730260       -1.058300              94
       0.730260       -1.008300              94
       0.730260       -0.958300              94
       0.730260       -0.908300              94
       0.730260       -0.858300              94
       0.730260       -0.808300              94
       0.730260       -0.758300              94
       0.730260       -0.708300              94
       0.730260       -0.658300              94
       0.730260       -0.608300              92
       0.730260       -0.558300              92
       0.730260       -0.508300              92
       0.730260       -0.458300              92
       0.730260       -0.408300              92
       0.730260       -0.358300              92
       0.730260       -0.308300              92
       0.730260       -0.258300              92
       0.730260       -0.208300              92
       0.730260       -0.158300              92
       0.730260       -0.108300              95
       0.730260       -0.058300              95
       0.730260       -0.008300              95
       0.730260        0.041700              95
       0.730260        0.091700              95
       0.730260        0.141700              95
       0.730260        0.191700              95
       0.730260        0.241700              95
       0.730260        0.291700              95
       0.730260        0.341700              96
       0.730260        0.391700              96
       0.730260        0.441700              96
       0.730260        0.491700              96
       0.730260        0.541700              96
       0.730260        0.591700              96
       0.730260        0.641700              96
       0.730260        0.691700              96
       0.730260        0.741700              96
       0.730260        0.791700              96
       0.730260        0.841700              96
       0.730260        0.891700              93
       0.730260        0.941700              93
       0.730260        0.991700              93
       0.730260        1.041700              93
       0.730260        1.091700              93
       0.730260        1.141700              93
       0.780260       -1.158300              94
       0.780260       -1.108300              94
       0.780260       -1.058300              94
       0.780260       -1.008300              94
       0.780260       -0.958300              94
       0.780260       -0.908300              94
       0.780260       -0.858300              94
       0.780260       -0.808300              94
       0.780260       -0.758300              94
       0.780260       -0.708300              94
       0.780260       -0.658300              94
       0.780260       -0.608300              92
       0.780260       -0.558300              92
       0.780260       -0.508300              92
       0.780260       -0.458300              92
       0.780260       -0.408300              92
       0.780260       -0.358300              92
       0.780260       -0.308300              92
       0.780260       -0.258300              92
       0.780260       -0.208300              92
       0.780260       -0.158300              92
       0.780260       -0.108300              95
       0.780260       -0.058300              95
       0.780260       -0.008300              95
       0.780260        0.041700              95
       0.780260        0.091700              95
       0.780260        0.141700              95
       0.780260        0.191700              95
       0.780260        0.241700              95
       0.780260        0.291700              95
       0.780260        0.341700              96
       0.780260        0.391700              96
       0.780260        0.441700              96
       0.780260        0.491700              96
       0.780260        0.541700              96
       0.780260        0.591700              96
       0.780260        0.641700              96
       0.780260        0.691700              96
       0.780260        0.741700              96
       0.780260        0.791700              96
       0.780260        0.841700              96
       0.780260        0.891700              93
       0.780260        0.941700              93
       0.780260        0.991700              93
       0.780260        1.041700              93
       0.780260        1.091700              93
       0.830260       -1.158300              94
       0.830260       -1.108300              94
       0.830260       -1.058300              94
       0.830260       -1.008300              94
       0.830260       -0.958300              94
       0.830260       -0.908300              94
       0.830260       -0.858300              94
       0.830260       -0.808300              94
       0.830260       -0.758300              94
       0.830260       -0.708300              94
       0.830260       -0.658300              92
       0.830260       -0.608300              92
       0.830260       -0.558300              92
       0.830260       -0.508300              92
       0.830260       -0.458300              92
       0.830260       -0.408300              92
       0.830260       -0.358300              92
       0.830260       -0.308300              92
       0.830260       -0.258300              92
       0.830260       -0.208300              92
       0.830260       -0.158300              92
       0.830260       -0.108300              95
       0.830260       -0.058300              95
       0.830260       -0.008300              95
       0.830260        0.041700              95
       0.830260        0.091700              95
       0.830260        0.141700              95
       0.830260        0.191700              95
       0.830260        0.241700              95
       0.830260        0.291700              95
       0.830260        0.341700              96
       0.830260        0.391700              96
       0.830260        0.441700              96
       0.830260        0.491700              96
       0.830260        0.541700              96
       0.830260        0.591700              96
       0.830260        0.641700              96
       0.830260        0.691700              96
       0.830260        0.741700              96
       0.830260        0.791700              96
       0.830260        0.841700              96
       0.830260        0.891700              96
       0.830260        0.941700              93
       0.830260        0.991700              93
       0.830260        1.041700              93
       0.880260       -1.158300              94
       0.880260       -1.108300              94
       0.880260       -1.058300              94
       0.880260       -1.008300              94
       0.880260       -0.958300              94
       0.880260       -0.908300              94
       0.880260       -0.858300              94
       0.880260       -0.808300              94
       0.880260       -0.758300              94
       0.880260       -0.708300              94
       0.880260       -0.658300              92
       0.880260       -0.608300              92
       0.880260       -0.558300              92
       0.880260       -0.508300              92
       0.880260       -0.458300              92
       0.880260       -0.408300              92
       0.880260       -0.358300              92
       0.880260       -0.308300              92
       0.880260       -0.258300              92
       0.880260       -0.208300              92
       0.880260       -0.158300              92
       0.880260       -0.108300              95
       0.880260       -0.058300              95
       0.880260       -0.008300              95
       0.880260        0.041700              95
       0.880260        0.091700              95
       0.880260        0.141700              95
       0.880260        0.191700              95
       0.880260        0.241700              95
       0.880260        0.291700              95
       0.880260        0.341700              96
       0.880260        0.391700              96
       0.880260        0.441700              96
       0.880260        0.491700              96
       0.880260        0.541700              96
       0.880260        0.591700              96
       0.880260        0.641700              96
       0.880260        0.691700              96
       0.880260        0.741700              96
       0.880260        0.791700              96
       0.880260        0.841700              96
       0.880260        0.891700              96
       0.880260        0.941700              93
       0.930260       -1.008300              94
       0.930260       -0.958300              94
       0.930260       -0.908300              94
       0.930260       -0.858300              94
       0.930260       -0.808300              94
       0.930260       -0.758300              94
       0.930260       -0.708300              94
       0.930260       -0.658300              92
       0.930260       -0.608300              92
       0.930260       -0.558300              92
       0.930260       -0.508300              92
       0.930260       -0.458300              92
       0.930260       -0.408300              92
       0.930260       -0.358300              92
       0.930260       -0.308300              92
       0.930260       -0.258300              92
       0.930260       -0.208300              92
       0.930260       -0.158300              95
       0.930260       -0.108300              95
       0.930260       -0.058300              95
       0.930260       -0.008300              95
       0.930260        0.041700              95
       0.930260        0.091700              95
       0.930260        0.141700              95
       0.930260        0.191700              95
       0.930260        0.241700              95
       0.930260        0.291700              95
       0.930260        0.341700              95
       0.930260        0.391700              96
       0.930260        0.441700              96
       0.930260        0.491700              96
       0.930260        0.541700              96
       0.930260        0.591700              96
       0.930260        0.641700              96
       0.930260        0.691700              96
       0.930260        0.741700              96
       0.930260        0.791700              96
       0.930260        0.841700              96
       0.980260       -0.958300              94
       0.980260       -0.908300              94
       0.980260       -0.858300              94
       0.980260       -0.808300              94
       0.980260       -0.758300              94
       0.980260       -0.708300              94
       0.980260       -0.658300              92
       0.980260       -0.608300              92
       0.980260       -0.558300              92
       0.980260       -0.508300              92
       0.980260       -0.458300              92
       0.980260       -0.408300              92
       0.980260       -0.358300              92
       0.980260       -0.308300              92
       0.980260       -0.258300              92
       0.980260       -0.208300              92
       0.980260       -0.158300              95
       0.980260       -0.108300              95
       0.980260       -0.058300              95
       0.980260       -0.008300              95
       0.980260        0.041700              95
       0.980260        0.091700              95
       0.980260        0.141700              95
       0.980260        0.191700              95
       0.980260        0.241700              95
       0.980260        0.291700              95
       0.980260        0.341700              95
       0.980260        0.391700              96
       0.980260        0.441700              96
       0.980260        0.491700              96
       0.980260        0.541700              96
       0.980260        0.591700              96
       0.980260        0.641700              96
       0.980260        0.691700              96
       0.980260        0.741700              96
       1.030260       -0.808300              94
       1.030260       -0.758300              94
       1.030260       -0.708300              92
       1.030260       -0.658300              92
       1.030260       -0.608300              92
       1.030260       -0.558300              92
       1.030260       -0.508300              92
       1.030260       -0.458300              92
       1.030260       -0.408300              92
       1.030260       -0.358300              92
       1.030260       -0.308300              92
       1.030260       -0.258300              92
       1.030260       -0.208300              92
       1.030260       -0.158300              95
       1.030260       -0.108300              95
       1.030260       -0.058300              95
       1.030260       -0.008300              95
       1.030260        0.041700              95
       1.030260        0.091700              95
       1.030260        0.141700              95
       1.030260        0.191700              95
       1.030260        0.241700              95
       1.030260        0.291700              95
       1.030260        0.341700              95
       1.030260        0.391700              96
       1.030260        0.441700              96
       1.030260        0.491700              96
       1.030260        0.541700              96
       1.030260        0.591700              96
       1.030260        0.641700              96
       1.080260       -0.458300              92
       1.080260       -0.408300              92
       1.080260       -0.358300              92
       1.080260       -0.308300              92
       1.080260       -0.258300              92
       1.080260       -0.208300              92
       1.080260       -0.158300              95
       1.080260       -0.108300              95
       1.080260       -0.058300              95
       1.080260       -0.008300              95
       1.080260        0.041700              95
       1.080260        0.091700              95
       1.080260        0.141700              95
       1.080260        0.191700              95
       1.080260        0.241700              95
       1.080260        0.291700              95
       1.080260        0.341700              95
       1.080260        0.391700              96
       1.130260       -0.308300              92
       1.130260       -0.258300              92
       1.130260       -0.208300              92
       1.130260       -0.158300              95
       1.130260       -0.108300              95
       1.130260       -0.058300              95
       1.130260       -0.008300              95
       1.130260        0.041700              95
       1.130260        0.091700              95
       1.130260        0.141700              95
       1.130260        0.191700              95
