# bin number, X coord of bin generator (arcsec), Y coord of bin generator (arcsec), X coordinates of bin luminosity weighted centroid (arcsec), Y coordinates of bin luminosity weighted centroid (arcsec), number of spaxels in bin. xshift = -0.01974, yshift = -0.00830007 added to original xbin, ybin, xbar, ybar to get the numbers in this file. the xshift and yshift came from the AO PSF/symmetrization routine. the bin number starts at 1 in this file.
              1          -0.070          -0.008          -0.070          -0.008              49
              2          -0.120          -0.008          -0.120          -0.008              45
              3          -0.120          -0.058          -0.120          -0.058              42
              4          -0.070          -0.058          -0.070          -0.058              49
              5          -0.020          -0.058          -0.020          -0.058              47
              6          -0.020          -0.008          -0.020          -0.008              47
              7          -0.070          -0.108          -0.070          -0.108              47
              8          -0.020          -0.108          -0.020          -0.108              46
              9          -0.145          -0.108          -0.145          -0.108              42
             10          -0.270          -0.083          -0.270          -0.083              41
             11          -0.170          -0.008          -0.170          -0.008              50
             12          -0.103          -0.191          -0.103          -0.191              44
             13          -0.070          -0.158          -0.070          -0.158              43
             14          -0.170          -0.183          -0.170          -0.183              43
             15          -0.264          -0.202          -0.264          -0.202              44
             16          -0.270           0.017          -0.270           0.017              42
             17          -0.120           0.042          -0.120           0.042              46
             18          -0.020          -0.183          -0.020          -0.183              44
             19          -0.070           0.042          -0.070           0.042              48
             20          -0.156          -0.308          -0.156          -0.308              45
             21          -0.045          -0.283          -0.045          -0.283              44
             22           0.030          -0.108           0.030          -0.108              44
             23           0.030          -0.158           0.030          -0.158              43
             24           0.030          -0.058           0.030          -0.058              46
             25           0.030          -0.233           0.030          -0.233              45
             26          -0.445          -0.294          -0.445          -0.294              43
             27          -0.420          -0.083          -0.420          -0.083              42
             28          -0.270          -0.426          -0.270          -0.426              46
             29          -0.420           0.100          -0.420           0.100              40
             30          -0.220           0.105          -0.220           0.105              45
             31          -0.789          -0.497          -0.789          -0.497              42
             32          -0.426          -0.591          -0.426          -0.591              36
             33          -0.618          -0.035          -0.618          -0.035              42
             34          -0.147          -0.660          -0.147          -0.660              44
             35          -0.070          -0.433          -0.070          -0.433              43
             36          -0.457          -0.956          -0.457          -0.956              43
             37           0.044          -0.358           0.044          -0.358              45
             38           0.066          -0.533           0.066          -0.533              44
             39          -0.947          -0.000          -0.947          -0.000              36
             40          -0.825           0.462          -0.825           0.462              46
             41          -0.420           0.259          -0.420           0.259              47
             42          -0.250           0.202          -0.250           0.202              44
             43          -0.120           0.092          -0.120           0.092              43
             44          -0.170           0.167          -0.170           0.167              45
             45          -0.120           0.167          -0.120           0.167              44
             46          -0.070           0.092          -0.070           0.092              47
             47          -0.020           0.042          -0.020           0.042              46
             48          -0.239           0.373          -0.239           0.373              47
             49          -0.424           0.514          -0.424           0.514              45
             50          -0.120           0.267          -0.120           0.267              45
             51          -0.070           0.142          -0.070           0.142              44
             52          -0.020           0.092          -0.020           0.092              44
             53           0.030          -0.008           0.030          -0.008              48
             54          -0.037           0.175          -0.037           0.175              45
             55           0.105          -0.233           0.105          -0.233              42
             56           0.030           0.042           0.030           0.042              46
             57           0.080          -0.158           0.080          -0.158              41
             58           0.080          -0.083           0.080          -0.083              45
             59           0.030           0.092           0.030           0.092              45
             60           0.080          -0.008           0.080          -0.008              45
             61           0.097           0.075           0.097           0.075              45
             62           0.030           0.167           0.030           0.167              43
             63           0.180          -0.171           0.180          -0.171              43
             64           0.155          -0.108           0.155          -0.108              43
             65           0.174          -0.375           0.174          -0.375              40
             66           0.130          -0.058           0.130          -0.058              44
             67           0.005           0.267           0.005           0.267              43
             68           0.147           0.009           0.147           0.009              44
             69          -0.076           0.386          -0.076           0.386              44
             70           0.080           0.167           0.080           0.167              44
             71           0.238          -0.266           0.238          -0.266              41
             72           0.205           0.067           0.205           0.067              40
             73           0.115          -0.764           0.115          -0.764              43
             74           0.230          -0.083           0.230          -0.083              43
             75           0.147           0.159           0.147           0.159              45
             76          -0.180           0.640          -0.180           0.640              51
             77           0.116           0.292           0.116           0.292              44
             78           0.369          -0.190           0.369          -0.190              42
             79           0.296          -0.580           0.296          -0.580              44
             80           0.288          -0.016           0.288          -0.016              41
             81           0.430          -0.388           0.430          -0.388              42
             82           0.222           0.200           0.222           0.200              44
             83           0.058           0.478           0.058           0.478              48
             84          -0.589           0.984          -0.589           0.984              46
             85           0.355           0.117           0.355           0.117              45
             86           0.086           0.789           0.086           0.789              42
             87           0.525          -0.048           0.525          -0.048              43
             88           0.320           0.573           0.320           0.573              43
             89           0.263           0.338           0.263           0.338              42
             90           0.502           0.286           0.502           0.286              44
             91          -0.074           1.150          -0.074           1.150              44
             92           0.846          -0.395           0.846          -0.397              43
             93           0.478           1.039           0.478           1.039              43
             94           0.628          -0.910           0.627          -0.912              46
             95           0.908           0.084           0.908           0.084              42
             96           0.792           0.585           0.792           0.585              41
             97           0.077          -1.085           0.077          -1.085              43
