# Rest Wavelength (angstroms) using z=0.016561, Observed Flux, pPXF Best-fit Model
    22172.93533         1.31953         1.30919
    22174.95945         1.28610         1.30928
    22176.98375         1.31460         1.30923
    22179.00823         1.31317         1.30903
    22181.03290         1.29221         1.30867
    22183.05776         1.30251         1.30814
    22185.08280         1.30103         1.30745
    22187.10802         1.32309         1.30662
    22189.13343         1.32762         1.30566
    22191.15902         1.32115         1.30460
    22193.18480         1.31185         1.30348
    22195.21077         1.30038         1.30231
    22197.23692         1.31074         1.30112
    22199.26325         1.32288         1.29992
    22201.28977         1.30089         1.29872
    22203.31647         1.28719         1.29753
    22205.34336         1.30023         1.29633
    22207.37044         1.29918         1.29513
    22209.39770         1.29825         1.29394
    22211.42514         1.30278         1.29278
    22213.45277         1.28226         1.29168
    22215.48058         1.27654         1.29065
    22217.50858         1.30164         1.28975
    22219.53677         1.31163         1.28898
    22221.56514         1.29778         1.28837
    22223.59369         1.29675         1.28789
    22225.62243         1.27595         1.28751
    22227.65136         1.31347         1.28717
    22229.68047         1.28706         1.28681
    22231.70976         1.30046         1.28635
    22233.73925         1.30038         1.28573
    22235.76891         1.27638         1.28489
    22237.79876         1.27715         1.28382
    22239.82880         1.25875         1.28250
    22241.85902         1.26824         1.28097
    22243.88943         1.25932         1.27927
    22245.92002         1.28697         1.27745
    22247.95080         1.29692         1.27557
    22249.98177         1.25634         1.27370
    22252.01291         1.25995         1.27186
    22254.04425         1.27723         1.27011
    22256.07577         1.25803         1.26847
    22258.10747         1.24609         1.26696
    22260.13936         1.24991         1.26560
    22262.17144         1.26188         1.26441
    22264.20370         1.27044         1.26342
    22266.23615         1.25523         1.26265
    22268.26878         1.24578         1.26211
    22270.30160         1.26600         1.26182
    22272.33461         1.27575         1.26179
    22274.36779         1.26680         1.26202
    22276.40117         1.27080         1.26248
    22278.43473         1.26085         1.26315
    22280.46848         1.22838         1.26400
    22282.50241         1.24679         1.26498
    22284.53653         1.25656         1.26604
    22286.57083         1.25813         1.26714
    22288.60532         1.27683         1.26823
    22290.63999         1.24926         1.26929
    22292.67486         1.23971         1.27026
    22294.70990         1.25839         1.27114
    22296.74513         1.29814         1.27191
    22298.78055         1.30782         1.27256
    22300.81616         1.27079         1.27308
    22302.85195         1.26529         1.27348
    22304.88792         1.28047         1.27377
    22306.92408         1.26591         1.27396
    22308.96043         1.25206         1.27408
    22310.99696         1.28099         1.27414
    22313.03368         1.28106         1.27417
    22315.07059         1.26906         1.27420
    22317.10768         1.25832         1.27426
    22319.14495         1.26531         1.27435
    22321.18242         1.26528         1.27449
    22323.22007         1.26530         1.27467
    22325.25790         1.28285         1.27489
    22327.29592         1.30491         1.27513
    22329.33413         1.29722         1.27536
    22331.37252         1.29415         1.27556
    22333.41110         1.30418         1.27569
    22335.44986         1.28726         1.27574
    22337.48882         1.26484         1.27568
    22339.52795         1.26146         1.27550
    22341.56728         1.26236         1.27519
    22343.60679         1.26730         1.27476
    22345.64648         1.27783         1.27420
    22347.68636         1.28596         1.27351
    22349.72643         1.27043         1.27269
    22351.76669         1.28038         1.27175
    22353.80713         1.27990         1.27068
    22355.84776         1.26314         1.26948
    22357.88857         1.23714         1.26815
    22359.92957         1.24954         1.26669
    22361.97075         1.25751         1.26512
    22364.01213         1.25586         1.26344
    22366.05368         1.25143         1.26166
    22368.09543         1.24891         1.25982
    22370.13736         1.26870         1.25794
    22372.17948         1.31716         1.25604
    22374.22178         1.30535         1.25414
    22376.26427         1.29276         1.25228
    22378.30695         1.25289         1.25047
    22380.34981         1.24415         1.24875
    22382.39286         1.28251         1.24712
    22384.43610         1.25278         1.24559
    22386.47952         1.21829         1.24419
    22388.52313         1.20575         1.24291
    22390.56693         1.22017         1.24177
    22392.61091         1.24488         1.24077
    22394.65508         1.24060         1.23991
    22396.69944         1.24028         1.23919
    22398.74398         1.25553         1.23863
    22400.78871         1.24696         1.23820
    22402.83363         1.24139         1.23791
    22404.87873         1.24829         1.23774
    22406.92402         1.25265         1.23767
    22408.96949         1.24845         1.23765
    22411.01516         1.24402         1.23766
    22413.06101         1.25983         1.23765
    22415.10704         1.27556         1.23760
    22417.15326         1.26461         1.23747
    22419.19967         1.25486         1.23725
    22421.24627         1.25603         1.23695
    22423.29305         1.24035         1.23659
    22425.34002         1.23004         1.23620
    22427.38718         1.25810         1.23583
    22429.43453         1.26127         1.23552
    22431.48206         1.24419         1.23531
    22433.52977         1.24073         1.23521
    22435.57768         1.25738         1.23524
    22437.62577         1.23820         1.23537
    22439.67405         1.21713         1.23558
    22441.72251         1.23021         1.23582
    22443.77117         1.26249         1.23607
    22445.82001         1.20885         1.23627
    22447.86903         1.24451         1.23641
    22449.91825         1.22954         1.23647
    22451.96765         1.22340         1.23645
    22454.01724         1.26587         1.23637
    22456.06701         1.27323         1.23624
    22458.11697         1.21510         1.23609
    22460.16712         1.17788         1.23592
    22462.21746         1.20434         1.23576
    22464.26798         1.22950         1.23560
    22466.31869         1.22784         1.23544
    22468.36959         1.20837         1.23527
    22470.42068         1.20061         1.23507
    22472.47195         1.22420         1.23484
    22474.52341         1.22254         1.23457
    22476.57505         1.21312         1.23426
    22478.62689         1.22486         1.23393
    22480.67891         1.22053         1.23358
    22482.73112         1.21631         1.23325
    22484.78352         1.22278         1.23293
    22486.83610         1.21085         1.23265
    22488.88887         1.20352         1.23241
    22490.94183         1.20931         1.23221
    22492.99497         1.23018         1.23205
    22495.04831         1.22974         1.23191
    22497.10183         1.23088         1.23178
    22499.15554         1.22850         1.23164
    22501.20943         1.22031         1.23147
    22503.26351         1.21692         1.23126
    22505.31778         1.21025         1.23098
    22507.37224         1.21830         1.23064
    22509.42689         1.22078         1.23023
    22511.48172         1.21564         1.22976
    22513.53674         1.22032         1.22923
    22515.59195         1.22632         1.22866
    22517.64735         1.22034         1.22806
    22519.70293         1.21160         1.22746
    22521.75870         1.20226         1.22688
    22523.81466         1.18055         1.22632
    22525.87081         1.23117         1.22580
    22527.92714         1.20107         1.22533
    22529.98366         1.18626         1.22489
    22532.04037         1.22411         1.22449
    22534.09727         1.23306         1.22412
    22536.15436         1.22037         1.22376
    22538.21163         1.22729         1.22341
    22540.26909         1.21754         1.22306
    22542.32674         1.22402         1.22270
    22544.38458         1.23394         1.22236
    22546.44260         1.24926         1.22202
    22548.50081         1.25359         1.22170
    22550.55921         1.23122         1.22140
    22552.61780         1.21326         1.22112
    22554.67658         1.18828         1.22085
    22556.73554         1.18384         1.22059
    22558.79469         1.21604         1.22032
    22560.85403         1.20969         1.22003
    22562.91356         1.21381         1.21969
    22564.97328         1.20291         1.21930
    22567.03318         1.18784         1.21885
    22569.09327         1.18493         1.21833
    22571.15355         1.19738         1.21772
    22573.21402         1.21105         1.21703
    22575.27468         1.20811         1.21624
    22577.33552         1.20272         1.21534
    22579.39655         1.20677         1.21433
    22581.45777         1.20804         1.21316
    22583.51918         1.20396         1.21183
    22585.58078         1.19954         1.21030
    22587.64256         1.19810         1.20854
    22589.70454         1.19052         1.20653
    22591.76670         1.18026         1.20425
    22593.82905         1.17172         1.20170
    22595.89159         1.17794         1.19888
    22597.95431         1.18691         1.19581
    22600.01723         1.18916         1.19255
    22602.08033         1.19466         1.18914
    22604.14362         1.20872         1.18565
    22606.20710         1.20732         1.18217
    22608.27077         1.19179         1.17875
    22610.33463         1.16974         1.17549
    22612.39867         1.15526         1.17241
    22614.46290         1.15595         1.16957
    22616.52733         1.16034         1.16698
    22618.59194         1.15707         1.16465
    22620.65673         1.13887         1.16258
    22622.72172         1.11999         1.16074
    22624.78690         1.12636         1.15914
    22626.85226         1.13316         1.15777
    22628.91781         1.12228         1.15664
    22630.98355         1.14086         1.15577
    22633.04948         1.12899         1.15515
    22635.11560         1.13773         1.15482
    22637.18191         1.15774         1.15477
    22639.24841         1.15677         1.15499
    22641.31509         1.12119         1.15545
    22643.38196         1.14372         1.15610
    22645.44902         1.14608         1.15688
    22647.51627         1.13310         1.15773
    22649.58371         1.12794         1.15859
    22651.65134         1.13701         1.15941
    22653.71916         1.15332         1.16017
    22655.78716         1.16033         1.16087
    22657.85536         1.15821         1.16152
    22659.92374         1.14149         1.16216
    22661.99231         1.15357         1.16285
    22664.06107         1.17738         1.16361
    22666.13002         1.16583         1.16449
    22668.19916         1.15136         1.16549
    22670.26849         1.13039         1.16662
    22672.33800         1.13538         1.16783
    22674.40771         1.15352         1.16910
    22676.47760         1.17624         1.17035
    22678.54769         1.20152         1.17155
    22680.61796         1.19167         1.17264
    22682.68842         1.16359         1.17359
    22684.75907         1.18554         1.17436
    22686.82991         1.19448         1.17495
    22688.90093         1.22654         1.17537
    22690.97215         1.15043         1.17562
    22693.04356         1.17278         1.17574
    22695.11515         1.17225         1.17575
    22697.18694         1.19560         1.17567
    22699.25891         1.18959         1.17553
    22701.33107         1.14710         1.17534
    22703.40342         1.19247         1.17510
    22705.47597         1.15677         1.17483
    22707.54870         1.17704         1.17450
    22709.62161         1.16859         1.17413
    22711.69472         1.19007         1.17370
    22713.76802         1.19366         1.17321
    22715.84151         1.16457         1.17264
    22717.91518         1.18308         1.17200
    22719.98905         1.20668         1.17129
    22722.06310         1.19024         1.17052
    22724.13735         1.17827         1.16969
    22726.21178         1.17853         1.16880
    22728.28641         1.18389         1.16788
    22730.36122         1.18141         1.16693
    22732.43622         1.17236         1.16596
    22734.51141         1.18880         1.16499
    22736.58679         1.18069         1.16402
    22738.66236         1.18498         1.16307
    22740.73812         1.17655         1.16216
    22742.81407         1.15789         1.16130
    22744.89021         1.17885         1.16052
    22746.96654         1.17940         1.15982
    22749.04305         1.17318         1.15922
    22751.11976         1.18091         1.15871
    22753.19666         1.18495         1.15830
    22755.27374         1.17528         1.15798
    22757.35102         1.18138         1.15772
    22759.42849         1.17963         1.15750
    22761.50614         1.17718         1.15729
    22763.58399         1.17695         1.15707
    22765.66202         1.15934         1.15680
    22767.74025         1.15381         1.15645
    22769.81866         1.15170         1.15600
    22771.89726         1.16023         1.15542
    22773.97606         1.18230         1.15467
    22776.05504         1.18533         1.15375
    22778.13421         1.16722         1.15263
    22780.21358         1.14034         1.15130
    22782.29313         1.13737         1.14977
    22784.37287         1.15432         1.14805
    22786.45280         1.14135         1.14615
    22788.53293         1.11816         1.14412
    22790.61324         1.10921         1.14199
    22792.69374         1.11640         1.13982
    22794.77443         1.13295         1.13764
    22796.85531         1.12220         1.13551
    22798.93639         1.11341         1.13346
    22801.01765         1.12680         1.13152
    22803.09910         1.12895         1.12971
    22805.18074         1.12781         1.12804
    22807.26257         1.13008         1.12653
    22809.34459         1.11031         1.12520
    22811.42681         1.10166         1.12406
    22813.50921         1.10456         1.12313
    22815.59180         1.12906         1.12243
    22817.67458         1.13510         1.12196
    22819.75756         1.12741         1.12174
    22821.84072         1.12016         1.12174
    22823.92407         1.12673         1.12195
    22826.00761         1.13623         1.12234
    22828.09135         1.13377         1.12285
    22830.17527         1.13174         1.12345
    22832.25938         1.14409         1.12408
    22834.34369         1.13708         1.12469
    22836.42818         1.11609         1.12524
    22838.51287         1.12929         1.12572
    22840.59774         1.15013         1.12610
    22842.68281         1.16602         1.12637
    22844.76806         1.17053         1.12653
    22846.85351         1.16689         1.12658
    22848.93914         1.11508         1.12652
    22851.02497         1.11586         1.12636
    22853.11099         1.11869         1.12611
    22855.19719         1.12424         1.12575
    22857.28359         1.12753         1.12532
    22859.37018         1.14008         1.12480
    22861.45696         1.14505         1.12421
    22863.54393         1.11510         1.12357
    22865.63109         1.10004         1.12290
    22867.71844         1.11971         1.12222
    22869.80598         1.15571         1.12156
    22871.89371         1.15050         1.12094
    22873.98163         1.14265         1.12039
    22876.06974         1.14653         1.11992
    22878.15805         1.13218         1.11956
    22880.24654         1.10233         1.11929
    22882.33522         1.12346         1.11911
    22884.42410         1.11508         1.11899
    22886.51317         1.10430         1.11888
    22888.60242         1.10594         1.11871
    22890.69187         1.10178         1.11836
    22892.78151         1.13205         1.11773
    22894.87134         1.15363         1.11664
    22896.96136         1.13564         1.11492
    22899.05157         1.13641         1.11238
    22901.14197         1.13756         1.10884
    22903.23256         1.14658         1.10412
    22905.32334         1.10386         1.09810
    22907.41432         1.08545         1.09069
    22909.50548         1.07318         1.08188
    22911.59684         1.07852         1.07173
    22913.68838         1.03256         1.06038
    22915.78012         1.03707         1.04798
    22917.87205         1.03142         1.03478
    22919.96417         1.03280         1.02101
    22922.05648         1.00320         1.00690
    22924.14898         0.97307         0.99268
    22926.24167         0.97455         0.97857
    22928.33455         0.97579         0.96474
    22930.42763         0.95208         0.95137
    22932.52089         0.94051         0.93865
    22934.61435         0.91276         0.92676
    22936.70800         0.92580         0.91590
    22938.80184         0.90215         0.90630
    22940.89587         0.88889         0.89814
    22942.99009         0.88062         0.89161
    22945.08450         0.88047         0.88684
    22947.17910         0.88483         0.88388
    22949.27390         0.87174         0.88270
    22951.36888         0.86335         0.88317
    22953.46406         0.87296         0.88509
    22955.55943         0.88836         0.88819
    22957.65499         0.89394         0.89218
    22959.75074         0.89323         0.89675
    22961.84668         0.87419         0.90163
    22963.94281         0.91489         0.90661
    22966.03914         0.91150         0.91154
    22968.13565         0.90692         0.91634
    22970.23236         0.92657         0.92098
    22972.32926         0.92297         0.92548
    22974.42635         0.94314         0.92990
    22976.52363         0.92692         0.93427
    22978.62111         0.94255         0.93865
    22980.71877         0.95032         0.94305
    22982.81663         0.95147         0.94748
    22984.91468         0.94519         0.95192
    22987.01292         0.94919         0.95635
    22989.11135         0.95720         0.96072
    22991.20997         0.96975         0.96501
    22993.30878         0.97210         0.96919
    22995.40779         0.99229         0.97322
    22997.50699         0.99693         0.97710
    22999.60637         0.99366         0.98080
    23001.70596         0.97824         0.98430
    23003.80573         0.96001         0.98758
    23005.90569         0.97807         0.99062
    23008.00585         0.98452         0.99338
    23010.10619         0.99484         0.99583
    23012.20673         0.99614         0.99794
    23014.30746         0.98585         0.99969
    23016.40839         0.97566         1.00107
    23018.50950         1.01081         1.00210
    23020.61081         1.00748         1.00277
    23022.71231         1.01872         1.00311
    23024.81399         1.01079         1.00317
    23026.91588         1.01521         1.00297
    23029.01795         1.01402         1.00257
    23031.12022         0.99794         1.00201
    23033.22267         0.98172         1.00133
    23035.32532         0.99986         1.00057
    23037.42816         1.01725         0.99977
    23039.53120         0.99294         0.99897
    23041.63442         0.99552         0.99818
    23043.73784         1.00056         0.99745
    23045.84145         0.97490         0.99679
    23047.94525         0.99345         0.99621
    23050.04924         1.01119         0.99572
    23052.15343         1.00323         0.99534
    23054.25781         1.02233         0.99507
    23056.36237         0.99923         0.99490
    23058.46714         0.98354         0.99483
    23060.57209         1.01334         0.99485
    23062.67724         1.02647         0.99495
    23064.78257         0.98944         0.99513
    23066.88810         1.01216         0.99536
    23068.99383         0.98894         0.99564
    23071.09974         0.99108         0.99595
    23073.20585         1.01843         0.99628
    23075.31215         1.02098         0.99661
    23077.41864         0.99881         0.99694
    23079.52532         1.00014         0.99725
    23081.63220         1.01245         0.99753
    23083.73927         1.02723         0.99778
    23085.84653         0.98503         0.99799
    23087.95398         0.97013         0.99817
    23090.06163         0.99734         0.99831
    23092.16947         1.00066         0.99842
    23094.27750         0.98608         0.99849
    23096.38572         0.98432         0.99853
    23098.49413         0.99271         0.99853
    23100.60274         0.98141         0.99850
    23102.71154         0.99552         0.99843
    23104.82054         0.99614         0.99832
    23106.92972         1.00837         0.99817
    23109.03910         1.00693         0.99796
    23111.14867         0.99180         0.99770
    23113.25843         0.99702         0.99739
    23115.36839         1.00934         0.99703
    23117.47854         0.99353         0.99661
    23119.58888         0.97647         0.99616
    23121.69941         0.97416         0.99567
    23123.81014         0.95214         0.99515
    23125.92105         0.95911         0.99463
    23128.03217         0.95518         0.99409
    23130.14347         0.96669         0.99355
    23132.25497         0.99726         0.99300
    23134.36666         0.97797         0.99243
    23136.47854         0.96523         0.99184
    23138.59061         0.96985         0.99122
    23140.70288         0.99703         0.99056
    23142.81534         0.99101         0.98986
    23144.92800         0.97581         0.98913
    23147.04084         0.98156         0.98837
    23149.15388         0.95609         0.98760
    23151.26712         0.97247         0.98684
    23153.38054         0.98762         0.98611
    23155.49416         0.99294         0.98543
    23157.60797         0.98597         0.98481
    23159.72197         0.95876         0.98428
    23161.83617         0.96229         0.98384
    23163.95056         0.97354         0.98350
    23166.06514         0.97715         0.98328
    23168.17992         0.96226         0.98318
    23170.29489         0.95813         0.98319
    23172.41005         0.97793         0.98333
    23174.52541         0.98707         0.98358
    23176.64096         0.97935         0.98391
    23178.75670         0.96542         0.98427
    23180.87263         0.95566         0.98460
    23182.98876         0.97369         0.98477
    23185.10508         1.00163         0.98466
    23187.22160         0.99544         0.98410
    23189.33830         0.96520         0.98290
    23191.45520         0.95419         0.98088
    23193.57230         0.97667         0.97786
    23195.68959         0.97450         0.97370
    23197.80707         0.97029         0.96830
    23199.92474         0.97510         0.96162
    23202.04261         0.95656         0.95369
    23204.16067         0.92133         0.94463
    23206.27892         0.86621         0.93457
    23208.39737         0.89434         0.92372
    23210.51601         0.90997         0.91230
    23212.63484         0.89865         0.90054
    23214.75387         0.88762         0.88865
    23216.87309         0.89497         0.87683
    23218.99251         0.88566         0.86527
    23221.11211         0.87131         0.85414
    23223.23191         0.85779         0.84359
    23225.35191         0.84547         0.83381
    23227.47210         0.84182         0.82497
    23229.59248         0.80660         0.81725
    23231.71305         0.78123         0.81084
    23233.83382         0.78121         0.80590
    23235.95479         0.81459         0.80255
    23238.07594         0.82354         0.80083
    23240.19729         0.82831         0.80072
    23242.31884         0.82095         0.80212
    23244.44057         0.80262         0.80485
    23246.56250         0.80501         0.80866
    23248.68463         0.83977         0.81326
    23250.80695         0.82785         0.81837
    23252.92946         0.83251         0.82370
    23255.05216         0.86000         0.82902
    23257.17506         0.82112         0.83415
    23259.29816         0.84556         0.83896
    23261.42144         0.83811         0.84339
    23263.54493         0.85482         0.84743
    23265.66860         0.83678         0.85109
    23267.79247         0.87081         0.85441
    23269.91653         0.87899         0.85744
    23272.04079         0.88336         0.86023
    23274.16524         0.89147         0.86282
    23276.28988         0.90581         0.86524
    23278.41472         0.85438         0.86750
    23280.53975         0.86768         0.86963
    23282.66498         0.85987         0.87166
    23284.79040         0.90194         0.87361
    23286.91601         0.92155         0.87550
    23289.04182         0.90323         0.87737
    23291.16783         0.88624         0.87923
    23293.29402         0.88461         0.88113
    23295.42041         0.83897         0.88307
    23297.54700         0.85753         0.88505
    23299.67378         0.87239         0.88708
    23301.80075         0.89918         0.88913
    23303.92792         0.90219         0.89120
    23306.05528         0.92473         0.89327
    23308.18283         0.93512         0.89531
    23310.31058         0.93630         0.89731
    23312.43853         0.92962         0.89926
    23314.56667         0.88806         0.90113
    23316.69500         0.89002         0.90293
    23318.82352         0.89336         0.90463
    23320.95225         0.83189         0.90622
    23323.08116         0.79645         0.90769
    23325.21027         0.84200         0.90902
    23327.33958         0.90061         0.91019
    23329.46907         0.86930         0.91120
    23331.59877         0.91758         0.91203
    23333.72865         0.94928         0.91268
    23335.85874         0.91047         0.91315
    23337.98901         0.90369         0.91343
    23340.11948         0.92354         0.91353
    23342.25015         0.87991         0.91344
    23344.38101         0.87930         0.91316
    23346.51206         0.89977         0.91268
    23348.64331         0.91532         0.91200
    23350.77475         0.90512         0.91114
    23352.90639         0.88945         0.91011
    23355.03822         0.88055         0.90894
    23357.17025         0.90082         0.90766
    23359.30247         0.93302         0.90632
    23361.43489         0.91693         0.90496
    23363.56750         0.89968         0.90361
    23365.70031         0.87943         0.90232
    23367.83331         0.90445         0.90110
    23369.96650         0.91819         0.89997
    23372.09989         0.89943         0.89891
    23374.23348         0.89715         0.89794
    23376.36726         0.90329         0.89704
    23378.50123         0.91799         0.89621
    23380.63540         0.91252         0.89546
    23382.76976         0.91551         0.89480
    23384.90432         0.91938         0.89426
    23387.03907         0.90685         0.89386
    23389.17402         0.89734         0.89364
    23391.30917         0.89552         0.89362
    23393.44450         0.92516         0.89380
    23395.58004         0.87414         0.89418
    23397.71577         0.89807         0.89473
    23399.85169         0.90032         0.89537
    23401.98781         0.90501         0.89604
    23404.12412         0.90848         0.89664
    23406.26063         0.90077         0.89705
    23408.39733         0.88452         0.89717
    23410.53423         0.93097         0.89689
    23412.67132         0.91338         0.89613
    23414.80861         0.89769         0.89483
    23416.94609         0.90017         0.89293
    23419.08377         0.93358         0.89043
    23421.22165         0.90406         0.88735
    23423.35971         0.88970         0.88371
    23425.49798         0.85884         0.87960
    23427.63644         0.89691         0.87509
    23429.77509         0.88986         0.87028
    23431.91394         0.86819         0.86528
    23434.05299         0.87195         0.86019
    23436.19223         0.89716         0.85511
    23438.33166         0.88850         0.85013
    23440.47129         0.88541         0.84534
    23442.61112         0.85797         0.84081
    23444.75114         0.82000         0.83664
    23446.89136         0.78962         0.83288
    23449.03177         0.84685         0.82964
    23451.17238         0.85372         0.82697
    23453.31318         0.76716         0.82495
    23455.45418         0.78170         0.82364
    23457.59537         0.81938         0.82307
    23459.73676         0.82741         0.82324
    23461.87835         0.82023         0.82412
    23464.02013         0.82281         0.82562
    23466.16210         0.82774         0.82765
    23468.30427         0.83538         0.83007
    23470.44664         0.85824         0.83273
    23472.58920         0.85052         0.83548
    23474.73196         0.83137         0.83815
    23476.87491         0.81416         0.84060
    23479.01806         0.81387         0.84267
    23481.16141         0.84149         0.84423
    23483.30495         0.83468         0.84516
    23485.44868         0.80904         0.84534
    23487.59262         0.80152         0.84468
    23489.73674         0.84105         0.84310
    23491.88107         0.85749         0.84054
    23494.02559         0.84042         0.83698
    23496.17030         0.80903         0.83244
    23498.31521         0.83594         0.82694
    23500.46032         0.87046         0.82059
    23502.60562         0.81946         0.81347
    23504.75112         0.79434         0.80574
    23506.89681         0.79021         0.79753
    23509.04270         0.76968         0.78898
    23511.18879         0.78494         0.78025
    23513.33507         0.73362         0.77148
    23515.48155         0.73751         0.76280
    23517.62822         0.76875         0.75434
    23519.77509         0.72465         0.74623
    23521.92216         0.74873         0.73861
    23524.06942         0.74906         0.73163
    23526.21688         0.74353         0.72543
    23528.36453         0.71500         0.72018
    23530.51238         0.70147         0.71601
    23532.66042         0.71145         0.71304
    23534.80867         0.70218         0.71135
    23536.95710         0.69766         0.71096
    23539.10574         0.70686         0.71184
    23541.25457         0.75214         0.71391
    23543.40360         0.76981         0.71701
    23545.55282         0.71199         0.72097
    23547.70224         0.70467         0.72556
    23549.85185         0.72848         0.73056
    23552.00166         0.74272         0.73576
    23554.15167         0.75291         0.74098
    23556.30187         0.73455         0.74606
    23558.45227         0.73825         0.75090
    23560.60287         0.75470         0.75544
    23562.75366         0.75886         0.75965
    23564.90465         0.75190         0.76355
    23567.05584         0.73130         0.76718
    23569.20722         0.73906         0.77057
    23571.35880         0.78046         0.77378
    23573.51057         0.77947         0.77684
    23575.66254         0.80807         0.77978
    23577.81471         0.79525         0.78262
    23579.96707         0.77072         0.78536
    23582.11963         0.77409         0.78800
    23584.27239         0.78676         0.79050
    23586.42534         0.80882         0.79286
    23588.57849         0.79452         0.79505
    23590.73184         0.79694         0.79705
    23592.88538         0.79681         0.79885
    23595.03912         0.80870         0.80044
    23597.19306         0.82173         0.80182
    23599.34719         0.84198         0.80300
    23601.50152         0.80540         0.80400
    23603.65605         0.80384         0.80484
    23605.81077         0.80495         0.80554
    23607.96569         0.82764         0.80611
    23610.12081         0.83312         0.80657
    23612.27612         0.82380         0.80694
    23614.43163         0.80948         0.80719
    23616.58733         0.81125         0.80733
    23618.74324         0.81272         0.80735
    23620.89934         0.81453         0.80724
    23623.05563         0.80979         0.80701
    23625.21213         0.79295         0.80669
    23627.36882         0.81624         0.80630
    23629.52571         0.83829         0.80591
    23631.68279         0.81903         0.80557
    23633.84007         0.80122         0.80535
    23635.99755         0.80153         0.80530
    23638.15523         0.76891         0.80547
    23640.31310         0.77765         0.80587
    23642.47117         0.80890         0.80653
    23644.62943         0.80339         0.80742
    23646.78790         0.78548         0.80854
    23648.94656         0.82985         0.80984
    23651.10541         0.82111         0.81131
    23653.26447         0.79477         0.81292
    23655.42372         0.77713         0.81462
    23657.58317         0.81283         0.81640
    23659.74281         0.82493         0.81822
    23661.90266         0.80336         0.82003
    23664.06270         0.79273         0.82177
    23666.22293         0.80501         0.82340
    23668.38337         0.83744         0.82487
    23670.54400         0.83216         0.82611
    23672.70483         0.84360         0.82711
    23674.86586         0.84842         0.82784
    23677.02708         0.83314         0.82831
    23679.18850         0.84394         0.82852
    23681.35012         0.82893         0.82851
    23683.51193         0.82015         0.82830
    23685.67395         0.85703         0.82792
    23687.83616         0.85071         0.82736
    23689.99856         0.83877         0.82661
    23692.16117         0.82092         0.82564
    23694.32397         0.83380         0.82440
    23696.48697         0.85170         0.82287
    23698.65017         0.86068         0.82100
    23700.81356         0.81936         0.81878
    23702.97715         0.81048         0.81622
    23705.14094         0.78926         0.81334
    23707.30493         0.77766         0.81018
    23709.46911         0.80235         0.80681
    23711.63350         0.78020         0.80328
    23713.79808         0.78508         0.79963
    23715.96285         0.81691         0.79591
    23718.12783         0.81249         0.79213
    23720.29300         0.81461         0.78832
    23722.45837         0.83384         0.78448
    23724.62394         0.79579         0.78064
    23726.78971         0.78743         0.77683
    23728.95567         0.77432         0.77308
    23731.12183         0.77083         0.76944
    23733.28819         0.73400         0.76598
    23735.45475         0.78309         0.76276
    23737.62150         0.79205         0.75984
    23739.78845         0.78478         0.75726
    23741.95560         0.75638         0.75506
    23744.12295         0.78184         0.75328
    23746.29050         0.75776         0.75191
    23748.45824         0.75736         0.75097
    23750.62618         0.74869         0.75044
    23752.79432         0.72508         0.75032
    23754.96266         0.75975         0.75058
    23757.13119         0.74476         0.75120
    23759.29993         0.74819         0.75214
    23761.46886         0.74587         0.75335
    23763.63799         0.76005         0.75478
    23765.80731         0.75069         0.75636
    23767.97684         0.71028         0.75804
    23770.14656         0.65364         0.75973
    23772.31648         0.67314         0.76138
    23774.48660         0.72339         0.76294
    23776.65692         0.77420         0.76437
    23778.82744         0.80401         0.76563
    23780.99815         0.78513         0.76672
    23783.16906         0.77464         0.76762
    23785.34017         0.76589         0.76829
    23787.51148         0.76785         0.76869
    23789.68299         0.82172         0.76878
    23791.85469         0.75767         0.76845
    23794.02660         0.70556         0.76761
    23796.19870         0.74902         0.76614
    23798.37100         0.78677         0.76395
    23800.54349         0.82008         0.76094
    23802.71619         0.67092         0.75706
