# Rest Wavelength (angstroms) using z=0.016561, Observed Flux, pPXF Best-fit Model
    22172.93533         1.33967         1.28531
    22174.95945         1.29585         1.28544
    22176.98375         1.28713         1.28550
    22179.00823         1.32022         1.28549
    22181.03290         1.32328         1.28543
    22183.05776         1.30600         1.28530
    22185.08280         1.30469         1.28511
    22187.10802         1.30356         1.28484
    22189.13343         1.29774         1.28448
    22191.15902         1.30150         1.28402
    22193.18480         1.28922         1.28345
    22195.21077         1.29434         1.28276
    22197.23692         1.29900         1.28195
    22199.26325         1.29495         1.28101
    22201.28977         1.28154         1.27997
    22203.31647         1.26702         1.27884
    22205.34336         1.26261         1.27765
    22207.37044         1.27454         1.27645
    22209.39770         1.29416         1.27527
    22211.42514         1.28601         1.27414
    22213.45277         1.27552         1.27311
    22215.48058         1.26590         1.27218
    22217.50858         1.27282         1.27137
    22219.53677         1.27819         1.27065
    22221.56514         1.26798         1.27002
    22223.59369         1.27198         1.26943
    22225.62243         1.28379         1.26886
    22227.65136         1.26306         1.26826
    22229.68047         1.25308         1.26762
    22231.70976         1.31270         1.26692
    22233.73925         1.28558         1.26615
    22235.76891         1.27735         1.26532
    22237.79876         1.26895         1.26444
    22239.82880         1.25154         1.26352
    22241.85902         1.25198         1.26257
    22243.88943         1.23627         1.26160
    22245.92002         1.25921         1.26060
    22247.95080         1.25690         1.25957
    22249.98177         1.24522         1.25848
    22252.01291         1.25884         1.25730
    22254.04425         1.27261         1.25604
    22256.07577         1.25079         1.25466
    22258.10747         1.22425         1.25319
    22260.13936         1.23343         1.25165
    22262.17144         1.25399         1.25007
    22264.20370         1.26935         1.24853
    22266.23615         1.26471         1.24708
    22268.26878         1.24881         1.24582
    22270.30160         1.24131         1.24480
    22272.33461         1.23718         1.24411
    22274.36779         1.25056         1.24378
    22276.40117         1.24566         1.24384
    22278.43473         1.23061         1.24428
    22280.46848         1.22370         1.24507
    22282.50241         1.21732         1.24616
    22284.53653         1.20373         1.24746
    22286.57083         1.23079         1.24889
    22288.60532         1.25481         1.25035
    22290.63999         1.24104         1.25174
    22292.67486         1.24236         1.25298
    22294.70990         1.26521         1.25401
    22296.74513         1.23790         1.25477
    22298.78055         1.25100         1.25527
    22300.81616         1.26093         1.25551
    22302.85195         1.25318         1.25552
    22304.88792         1.27193         1.25537
    22306.92408         1.25651         1.25513
    22308.96043         1.24577         1.25486
    22310.99696         1.25189         1.25467
    22313.03368         1.25841         1.25459
    22315.07059         1.25933         1.25470
    22317.10768         1.24239         1.25501
    22319.14495         1.22382         1.25553
    22321.18242         1.24817         1.25623
    22323.22007         1.27959         1.25708
    22325.25790         1.28438         1.25801
    22327.29592         1.27543         1.25897
    22329.33413         1.27786         1.25987
    22331.37252         1.28776         1.26066
    22333.41110         1.29317         1.26127
    22335.44986         1.26486         1.26168
    22337.48882         1.24546         1.26186
    22339.52795         1.27065         1.26182
    22341.56728         1.27725         1.26156
    22343.60679         1.27120         1.26112
    22345.64648         1.25915         1.26054
    22347.68636         1.25484         1.25987
    22349.72643         1.24842         1.25914
    22351.76669         1.23297         1.25840
    22353.80713         1.23879         1.25766
    22355.84776         1.21567         1.25694
    22357.88857         1.22102         1.25625
    22359.92957         1.25944         1.25556
    22361.97075         1.26757         1.25486
    22364.01213         1.25796         1.25411
    22366.05368         1.26267         1.25328
    22368.09543         1.25872         1.25233
    22370.13736         1.26903         1.25124
    22372.17948         1.26688         1.24997
    22374.22178         1.26639         1.24854
    22376.26427         1.27452         1.24695
    22378.30695         1.25430         1.24522
    22380.34981         1.23396         1.24341
    22382.39286         1.23808         1.24156
    22384.43610         1.21820         1.23974
    22386.47952         1.20062         1.23801
    22388.52313         1.20475         1.23643
    22390.56693         1.22239         1.23507
    22392.61091         1.24158         1.23395
    22394.65508         1.24416         1.23310
    22396.69944         1.24094         1.23251
    22398.74398         1.25381         1.23216
    22400.78871         1.24584         1.23200
    22402.83363         1.22253         1.23198
    22404.87873         1.21616         1.23204
    22406.92402         1.23412         1.23210
    22408.96949         1.24945         1.23211
    22411.01516         1.24120         1.23202
    22413.06101         1.23898         1.23180
    22415.10704         1.24460         1.23145
    22417.15326         1.24705         1.23098
    22419.19967         1.25517         1.23042
    22421.24627         1.24246         1.22981
    22423.29305         1.23203         1.22920
    22425.34002         1.23347         1.22864
    22427.38718         1.22335         1.22817
    22429.43453         1.22918         1.22780
    22431.48206         1.23812         1.22756
    22433.52977         1.24032         1.22744
    22435.57768         1.22608         1.22741
    22437.62577         1.20210         1.22746
    22439.67405         1.18937         1.22756
    22441.72251         1.21934         1.22769
    22443.77117         1.22451         1.22781
    22445.82001         1.22540         1.22791
    22447.86903         1.22975         1.22800
    22449.91825         1.23036         1.22807
    22451.96765         1.22213         1.22812
    22454.01724         1.23370         1.22817
    22456.06701         1.21199         1.22820
    22458.11697         1.21581         1.22823
    22460.16712         1.20534         1.22825
    22462.21746         1.22966         1.22824
    22464.26798         1.23488         1.22820
    22466.31869         1.24171         1.22812
    22468.36959         1.24112         1.22798
    22470.42068         1.22844         1.22778
    22472.47195         1.24084         1.22752
    22474.52341         1.24239         1.22723
    22476.57505         1.24807         1.22690
    22478.62689         1.22739         1.22657
    22480.67891         1.22457         1.22624
    22482.73112         1.22461         1.22594
    22484.78352         1.23843         1.22568
    22486.83610         1.23963         1.22546
    22488.88887         1.22201         1.22528
    22490.94183         1.21825         1.22512
    22492.99497         1.22235         1.22499
    22495.04831         1.22829         1.22486
    22497.10183         1.22556         1.22471
    22499.15554         1.21107         1.22454
    22501.20943         1.21698         1.22433
    22503.26351         1.23573         1.22409
    22505.31778         1.23151         1.22381
    22507.37224         1.22426         1.22349
    22509.42689         1.23036         1.22316
    22511.48172         1.22654         1.22280
    22513.53674         1.21190         1.22244
    22515.59195         1.19348         1.22207
    22517.64735         1.18389         1.22170
    22519.70293         1.19742         1.22131
    22521.75870         1.21246         1.22091
    22523.81466         1.19872         1.22048
    22525.87081         1.19520         1.22001
    22527.92714         1.18220         1.21950
    22529.98366         1.18709         1.21895
    22532.04037         1.20677         1.21837
    22534.09727         1.20769         1.21777
    22536.15436         1.21004         1.21718
    22538.21163         1.22113         1.21661
    22540.26909         1.20764         1.21609
    22542.32674         1.23956         1.21564
    22544.38458         1.22547         1.21528
    22546.44260         1.23311         1.21502
    22548.50081         1.23553         1.21485
    22550.55921         1.20800         1.21476
    22552.61780         1.19026         1.21472
    22554.67658         1.21813         1.21471
    22556.73554         1.21544         1.21468
    22558.79469         1.22164         1.21461
    22560.85403         1.19813         1.21444
    22562.91356         1.20823         1.21416
    22564.97328         1.17843         1.21374
    22567.03318         1.19042         1.21317
    22569.09327         1.20291         1.21245
    22571.15355         1.17988         1.21158
    22573.21402         1.19635         1.21059
    22575.27468         1.20294         1.20948
    22577.33552         1.20062         1.20828
    22579.39655         1.20182         1.20700
    22581.45777         1.20854         1.20567
    22583.51918         1.21216         1.20428
    22585.58078         1.17372         1.20285
    22587.64256         1.16223         1.20136
    22589.70454         1.15381         1.19980
    22591.76670         1.16924         1.19816
    22593.82905         1.18553         1.19640
    22595.89159         1.16870         1.19451
    22597.95431         1.15621         1.19245
    22600.01723         1.16497         1.19020
    22602.08033         1.16413         1.18773
    22604.14362         1.16937         1.18503
    22606.20710         1.18291         1.18210
    22608.27077         1.17360         1.17894
    22610.33463         1.14017         1.17560
    22612.39867         1.13123         1.17213
    22614.46290         1.13390         1.16858
    22616.52733         1.13281         1.16506
    22618.59194         1.15546         1.16165
    22620.65673         1.15602         1.15847
    22622.72172         1.14186         1.15561
    22624.78690         1.14865         1.15317
    22626.85226         1.13751         1.15121
    22628.91781         1.12538         1.14976
    22630.98355         1.12454         1.14882
    22633.04948         1.11925         1.14836
    22635.11560         1.11412         1.14828
    22637.18191         1.12093         1.14849
    22639.24841         1.13865         1.14886
    22641.31509         1.13547         1.14926
    22643.38196         1.11507         1.14959
    22645.44902         1.10784         1.14976
    22647.51627         1.12756         1.14971
    22649.58371         1.14576         1.14944
    22651.65134         1.14145         1.14900
    22653.71916         1.12576         1.14844
    22655.78716         1.11595         1.14787
    22657.85536         1.14298         1.14740
    22659.92374         1.15889         1.14714
    22661.99231         1.13344         1.14717
    22664.06107         1.09315         1.14756
    22666.13002         1.10921         1.14833
    22668.19916         1.12816         1.14947
    22670.26849         1.13271         1.15091
    22672.33800         1.12285         1.15258
    22674.40771         1.12975         1.15439
    22676.47760         1.15007         1.15622
    22678.54769         1.15606         1.15797
    22680.61796         1.14551         1.15956
    22682.68842         1.16595         1.16092
    22684.75907         1.14582         1.16202
    22686.82991         1.15369         1.16285
    22688.90093         1.18026         1.16343
    22690.97215         1.17104         1.16377
    22693.04356         1.16297         1.16394
    22695.11515         1.18515         1.16397
    22697.18694         1.18663         1.16393
    22699.25891         1.19752         1.16385
    22701.33107         1.13609         1.16378
    22703.40342         1.17417         1.16373
    22705.47597         1.18580         1.16373
    22707.54870         1.18670         1.16376
    22709.62161         1.19766         1.16383
    22711.69472         1.18492         1.16391
    22713.76802         1.16143         1.16399
    22715.84151         1.17104         1.16403
    22717.91518         1.19165         1.16401
    22719.98905         1.17629         1.16391
    22722.06310         1.18547         1.16371
    22724.13735         1.20755         1.16339
    22726.21178         1.20789         1.16295
    22728.28641         1.17124         1.16239
    22730.36122         1.16473         1.16172
    22732.43622         1.17139         1.16096
    22734.51141         1.17772         1.16013
    22736.58679         1.19352         1.15926
    22738.66236         1.18356         1.15838
    22740.73812         1.17109         1.15752
    22742.81407         1.16551         1.15671
    22744.89021         1.15502         1.15597
    22746.96654         1.14100         1.15531
    22749.04305         1.15137         1.15474
    22751.11976         1.17611         1.15424
    22753.19666         1.19354         1.15381
    22755.27374         1.17125         1.15343
    22757.35102         1.16759         1.15307
    22759.42849         1.17866         1.15271
    22761.50614         1.17599         1.15232
    22763.58399         1.17448         1.15187
    22765.66202         1.17592         1.15136
    22767.74025         1.18359         1.15076
    22769.81866         1.18212         1.15008
    22771.89726         1.16622         1.14931
    22773.97606         1.16062         1.14845
    22776.05504         1.17108         1.14751
    22778.13421         1.16604         1.14650
    22780.21358         1.17438         1.14543
    22782.29313         1.17389         1.14429
    22784.37287         1.13781         1.14310
    22786.45280         1.12429         1.14184
    22788.53293         1.12470         1.14050
    22790.61324         1.12475         1.13908
    22792.69374         1.10819         1.13758
    22794.77443         1.07744         1.13597
    22796.85531         1.08535         1.13427
    22798.93639         1.10783         1.13247
    22801.01765         1.10266         1.13061
    22803.09910         1.09455         1.12870
    22805.18074         1.11024         1.12681
    22807.26257         1.12410         1.12496
    22809.34459         1.11136         1.12323
    22811.42681         1.10946         1.12168
    22813.50921         1.12131         1.12034
    22815.59180         1.13782         1.11926
    22817.67458         1.12774         1.11846
    22819.75756         1.09782         1.11796
    22821.84072         1.11827         1.11774
    22823.92407         1.12132         1.11776
    22826.00761         1.12544         1.11799
    22828.09135         1.12049         1.11837
    22830.17527         1.12119         1.11883
    22832.25938         1.10269         1.11932
    22834.34369         1.11898         1.11979
    22836.42818         1.10815         1.12017
    22838.51287         1.12722         1.12045
    22840.59774         1.12556         1.12059
    22842.68281         1.11529         1.12060
    22844.76806         1.10787         1.12049
    22846.85351         1.10885         1.12026
    22848.93914         1.09770         1.11995
    22851.02497         1.10463         1.11958
    22853.11099         1.11534         1.11920
    22855.19719         1.12361         1.11882
    22857.28359         1.12577         1.11849
    22859.37018         1.15194         1.11823
    22861.45696         1.12883         1.11804
    22863.54393         1.11381         1.11793
    22865.63109         1.11778         1.11790
    22867.71844         1.12094         1.11793
    22869.80598         1.10947         1.11800
    22871.89371         1.11695         1.11805
    22873.98163         1.13349         1.11807
    22876.06974         1.13625         1.11799
    22878.15805         1.11369         1.11778
    22880.24654         1.12243         1.11738
    22882.33522         1.15088         1.11677
    22884.42410         1.12719         1.11589
    22886.51317         1.11613         1.11473
    22888.60242         1.12543         1.11327
    22890.69187         1.14062         1.11150
    22892.78151         1.13170         1.10942
    22894.87134         1.14349         1.10702
    22896.96136         1.11845         1.10432
    22899.05157         1.11448         1.10132
    22901.14197         1.13047         1.09799
    22903.23256         1.10910         1.09431
    22905.32334         1.10130         1.09023
    22907.41432         1.05267         1.08569
    22909.50548         1.04318         1.08058
    22911.59684         1.07420         1.07479
    22913.68838         1.07805         1.06821
    22915.78012         1.04666         1.06069
    22917.87205         1.05071         1.05214
    22919.96417         1.04075         1.04249
    22922.05648         1.02844         1.03173
    22924.14898         1.03439         1.01992
    22926.24167         1.00192         1.00720
    22928.33455         0.98104         0.99381
    22930.42763         0.98851         0.98005
    22932.52089         0.99758         0.96630
    22934.61435         0.96449         0.95296
    22936.70800         0.92851         0.94045
    22938.80184         0.90785         0.92913
    22940.89587         0.92534         0.91932
    22942.99009         0.92672         0.91124
    22945.08450         0.91033         0.90498
    22947.17910         0.92039         0.90053
    22949.27390         0.88589         0.89776
    22951.36888         0.90365         0.89647
    22953.46406         0.88997         0.89638
    22955.55943         0.89306         0.89718
    22957.65499         0.88116         0.89858
    22959.75074         0.90233         0.90030
    22961.84668         0.90318         0.90214
    22963.94281         0.89564         0.90394
    22966.03914         0.87907         0.90564
    22968.13565         0.88878         0.90720
    22970.23236         0.90427         0.90868
    22972.32926         0.93068         0.91014
    22974.42635         0.92937         0.91166
    22976.52363         0.92132         0.91334
    22978.62111         0.93538         0.91524
    22980.71877         0.91063         0.91742
    22982.81663         0.90828         0.91991
    22984.91468         0.93859         0.92274
    22987.01292         0.93340         0.92588
    22989.11135         0.93914         0.92931
    22991.20997         0.93547         0.93300
    22993.30878         0.93240         0.93691
    22995.40779         0.93463         0.94097
    22997.50699         0.93945         0.94513
    22999.60637         0.95167         0.94934
    23001.70596         0.95329         0.95352
    23003.80573         0.94648         0.95763
    23005.90569         0.97430         0.96159
    23008.00585         0.96162         0.96535
    23010.10619         0.96287         0.96885
    23012.20673         0.97979         0.97206
    23014.30746         0.96099         0.97495
    23016.40839         0.96074         0.97748
    23018.50950         0.96439         0.97967
    23020.61081         0.95568         0.98150
    23022.71231         0.96764         0.98299
    23024.81399         0.94371         0.98417
    23026.91588         1.00128         0.98507
    23029.01795         1.02236         0.98573
    23031.12022         1.00960         0.98617
    23033.22267         0.96617         0.98644
    23035.32532         0.96091         0.98658
    23037.42816         0.97525         0.98660
    23039.53120         0.99879         0.98656
    23041.63442         0.99331         0.98647
    23043.73784         1.01717         0.98635
    23045.84145         1.01287         0.98623
    23047.94525         0.99175         0.98613
    23050.04924         0.99028         0.98605
    23052.15343         1.00023         0.98601
    23054.25781         0.97363         0.98601
    23056.36237         0.98248         0.98606
    23058.46714         0.97777         0.98616
    23060.57209         0.98807         0.98630
    23062.67724         1.00450         0.98647
    23064.78257         1.00759         0.98668
    23066.88810         0.99547         0.98691
    23068.99383         0.96911         0.98715
    23071.09974         0.96253         0.98740
    23073.20585         0.94633         0.98764
    23075.31215         0.95783         0.98786
    23077.41864         0.97919         0.98807
    23079.52532         0.95829         0.98825
    23081.63220         1.00605         0.98841
    23083.73927         1.00064         0.98855
    23085.84653         0.97539         0.98867
    23087.95398         0.95557         0.98876
    23090.06163         1.01208         0.98884
    23092.16947         1.00858         0.98891
    23094.27750         0.97448         0.98897
    23096.38572         0.95831         0.98903
    23098.49413         0.97295         0.98907
    23100.60274         0.95046         0.98911
    23102.71154         0.96297         0.98914
    23104.82054         0.98078         0.98915
    23106.92972         0.99853         0.98915
    23109.03910         1.00614         0.98914
    23111.14867         1.00375         0.98910
    23113.25843         0.99154         0.98904
    23115.36839         0.97967         0.98895
    23117.47854         0.98855         0.98883
    23119.58888         0.97708         0.98867
    23121.69941         0.99702         0.98848
    23123.81014         0.99180         0.98824
    23125.92105         0.99894         0.98796
    23128.03217         0.94775         0.98763
    23130.14347         0.96148         0.98726
    23132.25497         1.00747         0.98685
    23134.36666         0.97820         0.98640
    23136.47854         0.97837         0.98593
    23138.59061         1.00730         0.98545
    23140.70288         0.98409         0.98497
    23142.81534         0.96422         0.98451
    23144.92800         0.98223         0.98408
    23147.04084         0.99977         0.98370
    23149.15388         1.00924         0.98338
    23151.26712         1.01793         0.98311
    23153.38054         0.98275         0.98290
    23155.49416         0.95895         0.98273
    23157.60797         0.98910         0.98260
    23159.72197         1.00575         0.98249
    23161.83617         1.00412         0.98239
    23163.95056         0.99132         0.98227
    23166.06514         0.98812         0.98212
    23168.17992         0.98457         0.98192
    23170.29489         0.98323         0.98164
    23172.41005         1.00843         0.98127
    23174.52541         1.01731         0.98079
    23176.64096         0.98072         0.98017
    23178.75670         0.94639         0.97939
    23180.87263         0.96572         0.97843
    23182.98876         0.98482         0.97726
    23185.10508         0.97764         0.97585
    23187.22160         0.96201         0.97420
    23189.33830         0.92973         0.97227
    23191.45520         0.93498         0.97005
    23193.57230         0.98326         0.96750
    23195.68959         0.99468         0.96458
    23197.80707         0.97518         0.96126
    23199.92474         0.94072         0.95745
    23202.04261         0.96394         0.95309
    23204.16067         0.91663         0.94808
    23206.27892         0.87730         0.94232
    23208.39737         0.90259         0.93572
    23210.51601         0.90764         0.92821
    23212.63484         0.90794         0.91977
    23214.75387         0.91331         0.91042
    23216.87309         0.90475         0.90025
    23218.99251         0.89867         0.88945
    23221.11211         0.87945         0.87824
    23223.23191         0.85698         0.86693
    23225.35191         0.85410         0.85588
    23227.47210         0.85726         0.84544
    23229.59248         0.82996         0.83598
    23231.71305         0.82495         0.82778
    23233.83382         0.81872         0.82110
    23235.95479         0.81042         0.81606
    23238.07594         0.81905         0.81270
    23240.19729         0.82868         0.81095
    23242.31884         0.81974         0.81064
    23244.44057         0.81941         0.81156
    23246.56250         0.83618         0.81340
    23248.68463         0.85153         0.81589
    23250.80695         0.84783         0.81874
    23252.92946         0.84935         0.82170
    23255.05216         0.85770         0.82457
    23257.17506         0.83200         0.82723
    23259.29816         0.86165         0.82959
    23261.42144         0.82282         0.83164
    23263.54493         0.81246         0.83339
    23265.66860         0.82296         0.83492
    23267.79247         0.82221         0.83628
    23269.91653         0.86121         0.83757
    23272.04079         0.87973         0.83885
    23274.16524         0.88329         0.84020
    23276.28988         0.86371         0.84166
    23278.41472         0.82113         0.84329
    23280.53975         0.84965         0.84510
    23282.66498         0.86913         0.84712
    23284.79040         0.88611         0.84934
    23286.91601         0.89347         0.85175
    23289.04182         0.84555         0.85434
    23291.16783         0.83697         0.85709
    23293.29402         0.86451         0.85994
    23295.42041         0.87051         0.86287
    23297.54700         0.87932         0.86584
    23299.67378         0.87943         0.86880
    23301.80075         0.89649         0.87170
    23303.92792         0.87638         0.87453
    23306.05528         0.87139         0.87724
    23308.18283         0.89727         0.87982
    23310.31058         0.89594         0.88226
    23312.43853         0.92241         0.88457
    23314.56667         0.90090         0.88674
    23316.69500         0.85166         0.88879
    23318.82352         0.82172         0.89073
    23320.95225         0.82815         0.89256
    23323.08116         0.83937         0.89431
    23325.21027         0.90469         0.89596
    23327.33958         0.92300         0.89751
    23329.46907         0.90367         0.89895
    23331.59877         0.91461         0.90027
    23333.72865         0.91610         0.90143
    23335.85874         0.90883         0.90242
    23337.98901         0.89279         0.90321
    23340.11948         0.90357         0.90378
    23342.25015         0.88349         0.90412
    23344.38101         0.85160         0.90422
    23346.51206         0.87312         0.90410
    23348.64331         0.90303         0.90377
    23350.77475         0.87883         0.90326
    23352.90639         0.86303         0.90259
    23355.03822         0.86269         0.90180
    23357.17025         0.89614         0.90094
    23359.30247         0.90112         0.90002
    23361.43489         0.89279         0.89907
    23363.56750         0.90754         0.89812
    23365.70031         0.91013         0.89717
    23367.83331         0.91154         0.89625
    23369.96650         0.90107         0.89535
    23372.09989         0.89031         0.89448
    23374.23348         0.90454         0.89367
    23376.36726         0.91381         0.89291
    23378.50123         0.90785         0.89223
    23380.63540         0.87484         0.89165
    23382.76976         0.86560         0.89116
    23384.90432         0.87040         0.89078
    23387.03907         0.86721         0.89051
    23389.17402         0.91113         0.89033
    23391.30917         0.89158         0.89022
    23393.44450         0.92637         0.89013
    23395.58004         0.79814         0.89004
    23397.71577         0.87249         0.88990
    23399.85169         0.89823         0.88968
    23401.98781         0.89715         0.88935
    23404.12412         0.89727         0.88890
    23406.26063         0.87901         0.88833
    23408.39733         0.89609         0.88766
    23410.53423         0.87060         0.88689
    23412.67132         0.90568         0.88607
    23414.80861         0.90076         0.88518
    23416.94609         0.88703         0.88424
    23419.08377         0.87852         0.88322
    23421.22165         0.88227         0.88207
    23423.35971         0.91195         0.88073
    23425.49798         0.88523         0.87910
    23427.63644         0.87938         0.87712
    23429.77509         0.90031         0.87468
    23431.91394         0.91898         0.87172
    23434.05299         0.90736         0.86823
    23436.19223         0.87065         0.86420
    23438.33166         0.84118         0.85970
    23440.47129         0.84606         0.85486
    23442.61112         0.84239         0.84985
    23444.75114         0.81083         0.84485
    23446.89136         0.80772         0.84011
    23449.03177         0.84232         0.83584
    23451.17238         0.84592         0.83225
    23453.31318         0.80653         0.82949
    23455.45418         0.80315         0.82767
    23457.59537         0.81114         0.82681
    23459.73676         0.80255         0.82688
    23461.87835         0.82087         0.82777
    23464.02013         0.82931         0.82929
    23466.16210         0.83188         0.83123
    23468.30427         0.84000         0.83336
    23470.44664         0.85324         0.83544
    23472.58920         0.82500         0.83725
    23474.73196         0.79340         0.83861
    23476.87491         0.83964         0.83939
    23479.01806         0.82140         0.83953
    23481.16141         0.80730         0.83902
    23483.30495         0.85184         0.83788
    23485.44868         0.84882         0.83621
    23487.59262         0.84417         0.83409
    23489.73674         0.86336         0.83165
    23491.88107         0.84700         0.82897
    23494.02559         0.82621         0.82611
    23496.17030         0.79634         0.82313
    23498.31521         0.76798         0.81998
    23500.46032         0.79348         0.81663
    23502.60562         0.81454         0.81298
    23504.75112         0.78700         0.80891
    23506.89681         0.83345         0.80430
    23509.04270         0.80040         0.79905
    23511.18879         0.81236         0.79310
    23513.33507         0.78650         0.78643
    23515.48155         0.79219         0.77910
    23517.62822         0.77170         0.77124
    23519.77509         0.78595         0.76307
    23521.92216         0.77119         0.75482
    23524.06942         0.76267         0.74681
    23526.21688         0.73830         0.73935
    23528.36453         0.66130         0.73271
    23530.51238         0.69453         0.72715
    23532.66042         0.71489         0.72285
    23534.80867         0.73200         0.71990
    23536.95710         0.70942         0.71831
    23539.10574         0.69829         0.71800
    23541.25457         0.70388         0.71882
    23543.40360         0.70126         0.72057
    23545.55282         0.71953         0.72300
    23547.70224         0.73548         0.72588
    23549.85185         0.75066         0.72899
    23552.00166         0.76390         0.73214
    23554.15167         0.77936         0.73520
    23556.30187         0.75236         0.73809
    23558.45227         0.72133         0.74077
    23560.60287         0.71593         0.74327
    23562.75366         0.73392         0.74562
    23564.90465         0.74267         0.74788
    23567.05584         0.74498         0.75012
    23569.20722         0.74512         0.75239
    23571.35880         0.75551         0.75473
    23573.51057         0.79302         0.75716
    23575.66254         0.77294         0.75968
    23577.81471         0.73564         0.76228
    23579.96707         0.76206         0.76492
    23582.11963         0.78065         0.76758
    23584.27239         0.74368         0.77023
    23586.42534         0.73492         0.77286
    23588.57849         0.78373         0.77544
    23590.73184         0.79994         0.77796
    23592.88538         0.77727         0.78044
    23595.03912         0.79496         0.78288
    23597.19306         0.84124         0.78526
    23599.34719         0.80204         0.78758
    23601.50152         0.77755         0.78984
    23603.65605         0.77277         0.79199
    23605.81077         0.78750         0.79401
    23607.96569         0.79217         0.79585
    23610.12081         0.78126         0.79748
    23612.27612         0.77926         0.79887
    23614.43163         0.77349         0.79998
    23616.58733         0.76601         0.80083
    23618.74324         0.77857         0.80142
    23620.89934         0.81418         0.80179
    23623.05563         0.83484         0.80200
    23625.21213         0.83084         0.80210
    23627.36882         0.79435         0.80218
    23629.52571         0.80038         0.80230
    23631.68279         0.82503         0.80253
    23633.84007         0.82011         0.80290
    23635.99755         0.83228         0.80345
    23638.15523         0.85496         0.80419
    23640.31310         0.83245         0.80510
    23642.47117         0.82284         0.80616
    23644.62943         0.82098         0.80733
    23646.78790         0.81094         0.80858
    23648.94656         0.82791         0.80986
    23651.10541         0.81945         0.81115
    23653.26447         0.73817         0.81243
    23655.42372         0.78376         0.81370
    23657.58317         0.84290         0.81495
    23659.74281         0.83069         0.81620
    23661.90266         0.81662         0.81747
    23664.06270         0.79048         0.81877
    23666.22293         0.79126         0.82013
    23668.38337         0.83437         0.82154
    23670.54400         0.82815         0.82301
    23672.70483         0.81913         0.82450
    23674.86586         0.82208         0.82597
    23677.02708         0.83498         0.82738
    23679.18850         0.85249         0.82864
    23681.35012         0.86482         0.82968
    23683.51193         0.83282         0.83042
    23685.67395         0.82891         0.83077
    23687.83616         0.82243         0.83070
    23689.99856         0.81898         0.83016
    23692.16117         0.81963         0.82916
    23694.32397         0.86064         0.82772
    23696.48697         0.81987         0.82590
    23698.65017         0.83075         0.82380
    23700.81356         0.83642         0.82151
    23702.97715         0.85199         0.81913
    23705.14094         0.86696         0.81676
    23707.30493         0.82848         0.81446
    23709.46911         0.79444         0.81227
    23711.63350         0.81773         0.81018
    23713.79808         0.82348         0.80815
    23715.96285         0.82638         0.80613
    23718.12783         0.83188         0.80401
    23720.29300         0.83445         0.80170
    23722.45837         0.84569         0.79913
    23724.62394         0.85314         0.79623
    23726.78971         0.79609         0.79297
    23728.95567         0.79618         0.78936
    23731.12183         0.80726         0.78546
    23733.28819         0.82289         0.78136
    23735.45475         0.80983         0.77720
    23737.62150         0.79204         0.77312
    23739.78845         0.77346         0.76927
    23741.95560         0.74294         0.76581
    23744.12295         0.79051         0.76286
    23746.29050         0.76473         0.76052
    23748.45824         0.78159         0.75884
    23750.62618         0.77369         0.75784
    23752.79432         0.70295         0.75747
    23754.96266         0.75694         0.75766
    23757.13119         0.74369         0.75829
    23759.29993         0.73956         0.75922
    23761.46886         0.73657         0.76033
    23763.63799         0.77174         0.76145
    23765.80731         0.78415         0.76248
    23767.97684         0.71576         0.76331
    23770.14656         0.64069         0.76389
    23772.31648         0.68187         0.76419
    23774.48660         0.74288         0.76423
    23776.65692         0.75713         0.76405
    23778.82744         0.74575         0.76369
    23780.99815         0.73675         0.76324
    23783.16906         0.72849         0.76275
    23785.34017         0.72309         0.76227
    23787.51148         0.75720         0.76183
    23789.68299         0.77470         0.76143
    23791.85469         0.74548         0.76104
    23794.02660         0.72198         0.76061
    23796.19870         0.73055         0.76006
    23798.37100         0.77796         0.75931
    23800.54349         0.70668         0.75827
    23802.71619         0.67069         0.75682
