# Rest Wavelength (angstroms) using z=0.016561, Observed Flux, pPXF Best-fit Model
    22172.93533         1.29248         1.26714
    22174.95945         1.27875         1.26707
    22176.98375         1.26656         1.26694
    22179.00823         1.25374         1.26673
    22181.03290         1.26267         1.26646
    22183.05776         1.28856         1.26611
    22185.08280         1.28942         1.26569
    22187.10802         1.27983         1.26520
    22189.13343         1.25866         1.26464
    22191.15902         1.26714         1.26401
    22193.18480         1.27673         1.26333
    22195.21077         1.27480         1.26260
    22197.23692         1.27108         1.26182
    22199.26325         1.26733         1.26101
    22201.28977         1.27555         1.26017
    22203.31647         1.27482         1.25931
    22205.34336         1.26206         1.25844
    22207.37044         1.26042         1.25756
    22209.39770         1.25258         1.25669
    22211.42514         1.25270         1.25581
    22213.45277         1.26659         1.25493
    22215.48058         1.24959         1.25406
    22217.50858         1.24096         1.25318
    22219.53677         1.23572         1.25230
    22221.56514         1.26120         1.25140
    22223.59369         1.25382         1.25049
    22225.62243         1.24045         1.24956
    22227.65136         1.26482         1.24859
    22229.68047         1.27672         1.24760
    22231.70976         1.27688         1.24656
    22233.73925         1.26287         1.24548
    22235.76891         1.25891         1.24436
    22237.79876         1.26703         1.24321
    22239.82880         1.24506         1.24201
    22241.85902         1.25183         1.24078
    22243.88943         1.23320         1.23954
    22245.92002         1.22861         1.23828
    22247.95080         1.22695         1.23703
    22249.98177         1.21705         1.23579
    22252.01291         1.22313         1.23459
    22254.04425         1.22389         1.23342
    22256.07577         1.21864         1.23231
    22258.10747         1.22160         1.23127
    22260.13936         1.23255         1.23031
    22262.17144         1.23594         1.22942
    22264.20370         1.23889         1.22863
    22266.23615         1.23146         1.22791
    22268.26878         1.20703         1.22729
    22270.30160         1.19429         1.22674
    22272.33461         1.19421         1.22627
    22274.36779         1.20556         1.22586
    22276.40117         1.22779         1.22552
    22278.43473         1.21695         1.22523
    22280.46848         1.19332         1.22500
    22282.50241         1.20971         1.22481
    22284.53653         1.22289         1.22466
    22286.57083         1.24357         1.22455
    22288.60532         1.23743         1.22448
    22290.63999         1.22961         1.22446
    22292.67486         1.23148         1.22448
    22294.70990         1.23083         1.22455
    22296.74513         1.22746         1.22467
    22298.78055         1.23973         1.22485
    22300.81616         1.22691         1.22507
    22302.85195         1.22809         1.22534
    22304.88792         1.22592         1.22565
    22306.92408         1.21390         1.22600
    22308.96043         1.22925         1.22637
    22310.99696         1.20661         1.22677
    22313.03368         1.19095         1.22718
    22315.07059         1.19560         1.22759
    22317.10768         1.20674         1.22798
    22319.14495         1.20309         1.22836
    22321.18242         1.21357         1.22870
    22323.22007         1.23446         1.22901
    22325.25790         1.24301         1.22929
    22327.29592         1.24687         1.22952
    22329.33413         1.24602         1.22970
    22331.37252         1.24922         1.22985
    22333.41110         1.24768         1.22994
    22335.44986         1.22939         1.23000
    22337.48882         1.22723         1.23000
    22339.52795         1.24199         1.22997
    22341.56728         1.23915         1.22988
    22343.60679         1.23667         1.22975
    22345.64648         1.24028         1.22956
    22347.68636         1.22720         1.22931
    22349.72643         1.22470         1.22901
    22351.76669         1.23194         1.22863
    22353.80713         1.22329         1.22818
    22355.84776         1.20076         1.22766
    22357.88857         1.20190         1.22707
    22359.92957         1.21548         1.22641
    22361.97075         1.25105         1.22567
    22364.01213         1.26736         1.22488
    22366.05368         1.24058         1.22403
    22368.09543         1.23319         1.22314
    22370.13736         1.23397         1.22221
    22372.17948         1.23501         1.22127
    22374.22178         1.21669         1.22032
    22376.26427         1.21844         1.21938
    22378.30695         1.20250         1.21846
    22380.34981         1.20699         1.21756
    22382.39286         1.21784         1.21670
    22384.43610         1.19876         1.21589
    22386.47952         1.19575         1.21511
    22388.52313         1.18176         1.21439
    22390.56693         1.18602         1.21372
    22392.61091         1.22039         1.21311
    22394.65508         1.21823         1.21254
    22396.69944         1.20359         1.21202
    22398.74398         1.20236         1.21155
    22400.78871         1.20625         1.21112
    22402.83363         1.20289         1.21074
    22404.87873         1.21307         1.21041
    22406.92402         1.22345         1.21013
    22408.96949         1.21598         1.20989
    22411.01516         1.20433         1.20970
    22413.06101         1.20608         1.20956
    22415.10704         1.22160         1.20947
    22417.15326         1.21834         1.20942
    22419.19967         1.20770         1.20942
    22421.24627         1.22290         1.20946
    22423.29305         1.22003         1.20953
    22425.34002         1.21080         1.20965
    22427.38718         1.22143         1.20979
    22429.43453         1.22939         1.20995
    22431.48206         1.21638         1.21012
    22433.52977         1.21090         1.21031
    22435.57768         1.20384         1.21049
    22437.62577         1.19010         1.21067
    22439.67405         1.18667         1.21084
    22441.72251         1.21826         1.21100
    22443.77117         1.22184         1.21113
    22445.82001         1.20686         1.21124
    22447.86903         1.22245         1.21133
    22449.91825         1.20752         1.21140
    22451.96765         1.22519         1.21143
    22454.01724         1.22001         1.21145
    22456.06701         1.21404         1.21144
    22458.11697         1.20664         1.21141
    22460.16712         1.17385         1.21137
    22462.21746         1.21034         1.21131
    22464.26798         1.20944         1.21124
    22466.31869         1.22940         1.21116
    22468.36959         1.21116         1.21107
    22470.42068         1.19146         1.21098
    22472.47195         1.20321         1.21089
    22474.52341         1.21788         1.21079
    22476.57505         1.20269         1.21070
    22478.62689         1.20441         1.21060
    22480.67891         1.21189         1.21050
    22482.73112         1.19703         1.21039
    22484.78352         1.19753         1.21028
    22486.83610         1.20404         1.21015
    22488.88887         1.20071         1.21002
    22490.94183         1.20254         1.20987
    22492.99497         1.20478         1.20970
    22495.04831         1.20720         1.20952
    22497.10183         1.20328         1.20931
    22499.15554         1.19045         1.20909
    22501.20943         1.20017         1.20884
    22503.26351         1.22427         1.20857
    22505.31778         1.22707         1.20828
    22507.37224         1.21643         1.20797
    22509.42689         1.21716         1.20764
    22511.48172         1.22159         1.20730
    22513.53674         1.20800         1.20694
    22515.59195         1.20417         1.20658
    22517.64735         1.20692         1.20620
    22519.70293         1.20102         1.20582
    22521.75870         1.19994         1.20543
    22523.81466         1.18318         1.20505
    22525.87081         1.18207         1.20466
    22527.92714         1.19139         1.20427
    22529.98366         1.20369         1.20388
    22532.04037         1.19318         1.20349
    22534.09727         1.19130         1.20310
    22536.15436         1.19524         1.20271
    22538.21163         1.21390         1.20232
    22540.26909         1.20850         1.20192
    22542.32674         1.22258         1.20152
    22544.38458         1.21779         1.20111
    22546.44260         1.20731         1.20070
    22548.50081         1.19178         1.20029
    22550.55921         1.20495         1.19987
    22552.61780         1.15211         1.19946
    22554.67658         1.16819         1.19904
    22556.73554         1.20576         1.19863
    22558.79469         1.19337         1.19822
    22560.85403         1.19243         1.19781
    22562.91356         1.18746         1.19740
    22564.97328         1.17862         1.19698
    22567.03318         1.14530         1.19655
    22569.09327         1.17831         1.19610
    22571.15355         1.19063         1.19562
    22573.21402         1.18688         1.19508
    22575.27468         1.19029         1.19450
    22577.33552         1.16675         1.19383
    22579.39655         1.17204         1.19308
    22581.45777         1.18203         1.19222
    22583.51918         1.17626         1.19125
    22585.58078         1.16668         1.19016
    22587.64256         1.15760         1.18894
    22589.70454         1.16639         1.18759
    22591.76670         1.16957         1.18611
    22593.82905         1.16619         1.18451
    22595.89159         1.17116         1.18280
    22597.95431         1.16786         1.18099
    22600.01723         1.17056         1.17911
    22602.08033         1.17407         1.17716
    22604.14362         1.16655         1.17519
    22606.20710         1.15361         1.17319
    22608.27077         1.15278         1.17121
    22610.33463         1.13994         1.16924
    22612.39867         1.13487         1.16732
    22614.46290         1.12573         1.16545
    22616.52733         1.11449         1.16364
    22618.59194         1.13952         1.16190
    22620.65673         1.14532         1.16024
    22622.72172         1.13441         1.15866
    22624.78690         1.14275         1.15716
    22626.85226         1.14321         1.15575
    22628.91781         1.12183         1.15442
    22630.98355         1.12456         1.15319
    22633.04948         1.12584         1.15205
    22635.11560         1.11103         1.15101
    22637.18191         1.13441         1.15009
    22639.24841         1.13154         1.14929
    22641.31509         1.13699         1.14862
    22643.38196         1.14234         1.14810
    22645.44902         1.13129         1.14772
    22647.51627         1.12838         1.14750
    22649.58371         1.13999         1.14743
    22651.65134         1.14284         1.14753
    22653.71916         1.12333         1.14778
    22655.78716         1.13161         1.14817
    22657.85536         1.15425         1.14869
    22659.92374         1.14008         1.14933
    22661.99231         1.12072         1.15006
    22664.06107         1.12849         1.15087
    22666.13002         1.13239         1.15174
    22668.19916         1.12148         1.15264
    22670.26849         1.12634         1.15355
    22672.33800         1.14743         1.15447
    22674.40771         1.13493         1.15537
    22676.47760         1.13241         1.15624
    22678.54769         1.15143         1.15708
    22680.61796         1.14278         1.15789
    22682.68842         1.14988         1.15865
    22684.75907         1.15125         1.15938
    22686.82991         1.16347         1.16006
    22688.90093         1.18173         1.16069
    22690.97215         1.16273         1.16129
    22693.04356         1.17482         1.16185
    22695.11515         1.17323         1.16236
    22697.18694         1.15793         1.16283
    22699.25891         1.16128         1.16324
    22701.33107         1.12214         1.16360
    22703.40342         1.14443         1.16389
    22705.47597         1.16666         1.16412
    22707.54870         1.15933         1.16427
    22709.62161         1.16407         1.16435
    22711.69472         1.16144         1.16435
    22713.76802         1.16708         1.16427
    22715.84151         1.16096         1.16411
    22717.91518         1.15826         1.16388
    22719.98905         1.15787         1.16358
    22722.06310         1.17594         1.16321
    22724.13735         1.17002         1.16280
    22726.21178         1.16904         1.16235
    22728.28641         1.16532         1.16187
    22730.36122         1.16380         1.16136
    22732.43622         1.18296         1.16085
    22734.51141         1.17580         1.16034
    22736.58679         1.16939         1.15983
    22738.66236         1.18792         1.15934
    22740.73812         1.17760         1.15887
    22742.81407         1.16669         1.15842
    22744.89021         1.17130         1.15800
    22746.96654         1.17733         1.15759
    22749.04305         1.18968         1.15721
    22751.11976         1.18796         1.15684
    22753.19666         1.18600         1.15648
    22755.27374         1.18608         1.15612
    22757.35102         1.18075         1.15576
    22759.42849         1.16811         1.15539
    22761.50614         1.16869         1.15500
    22763.58399         1.16769         1.15457
    22765.66202         1.17586         1.15410
    22767.74025         1.18863         1.15359
    22769.81866         1.18246         1.15302
    22771.89726         1.17359         1.15239
    22773.97606         1.17200         1.15169
    22776.05504         1.16582         1.15091
    22778.13421         1.16309         1.15006
    22780.21358         1.16599         1.14913
    22782.29313         1.16560         1.14814
    22784.37287         1.14708         1.14707
    22786.45280         1.12764         1.14594
    22788.53293         1.13551         1.14477
    22790.61324         1.14022         1.14355
    22792.69374         1.11826         1.14230
    22794.77443         1.09083         1.14104
    22796.85531         1.09416         1.13977
    22798.93639         1.11573         1.13852
    22801.01765         1.11398         1.13730
    22803.09910         1.09670         1.13610
    22805.18074         1.10506         1.13496
    22807.26257         1.12375         1.13387
    22809.34459         1.12619         1.13285
    22811.42681         1.13427         1.13189
    22813.50921         1.12745         1.13100
    22815.59180         1.13193         1.13017
    22817.67458         1.12094         1.12941
    22819.75756         1.11689         1.12872
    22821.84072         1.13153         1.12808
    22823.92407         1.13226         1.12749
    22826.00761         1.12014         1.12694
    22828.09135         1.13660         1.12643
    22830.17527         1.11686         1.12594
    22832.25938         1.12456         1.12547
    22834.34369         1.12870         1.12500
    22836.42818         1.13779         1.12453
    22838.51287         1.14698         1.12404
    22840.59774         1.12584         1.12353
    22842.68281         1.10838         1.12298
    22844.76806         1.10829         1.12238
    22846.85351         1.12623         1.12174
    22848.93914         1.11389         1.12103
    22851.02497         1.10598         1.12027
    22853.11099         1.10742         1.11944
    22855.19719         1.10654         1.11855
    22857.28359         1.11644         1.11761
    22859.37018         1.13521         1.11661
    22861.45696         1.11389         1.11558
    22863.54393         1.12441         1.11453
    22865.63109         1.14195         1.11348
    22867.71844         1.12894         1.11243
    22869.80598         1.13170         1.11141
    22871.89371         1.14309         1.11042
    22873.98163         1.14362         1.10947
    22876.06974         1.13231         1.10858
    22878.15805         1.11670         1.10772
    22880.24654         1.12198         1.10688
    22882.33522         1.12586         1.10605
    22884.42410         1.11576         1.10518
    22886.51317         1.10648         1.10423
    22888.60242         1.10769         1.10315
    22890.69187         1.11942         1.10187
    22892.78151         1.11299         1.10034
    22894.87134         1.11607         1.09848
    22896.96136         1.09378         1.09623
    22899.05157         1.08642         1.09352
    22901.14197         1.09328         1.09031
    22903.23256         1.09608         1.08656
    22905.32334         1.09183         1.08223
    22907.41432         1.06467         1.07731
    22909.50548         1.06005         1.07181
    22911.59684         1.07140         1.06575
    22913.68838         1.04989         1.05917
    22915.78012         1.04033         1.05213
    22917.87205         1.04892         1.04469
    22919.96417         1.04863         1.03693
    22922.05648         1.02895         1.02893
    22924.14898         1.02207         1.02078
    22926.24167         1.01208         1.01258
    22928.33455         0.97893         1.00439
    22930.42763         0.98798         0.99631
    22932.52089         0.98980         0.98839
    22934.61435         0.98567         0.98071
    22936.70800         0.99573         0.97332
    22938.80184         0.95131         0.96625
    22940.89587         0.96007         0.95954
    22942.99009         0.94565         0.95323
    22945.08450         0.93383         0.94734
    22947.17910         0.93369         0.94190
    22949.27390         0.92052         0.93691
    22951.36888         0.91904         0.93240
    22953.46406         0.92537         0.92838
    22955.55943         0.91691         0.92488
    22957.65499         0.91842         0.92191
    22959.75074         0.94447         0.91948
    22961.84668         0.91197         0.91761
    22963.94281         0.91720         0.91630
    22966.03914         0.90760         0.91555
    22968.13565         0.89233         0.91537
    22970.23236         0.90119         0.91574
    22972.32926         0.89974         0.91663
    22974.42635         0.90053         0.91802
    22976.52363         0.91161         0.91988
    22978.62111         0.90681         0.92215
    22980.71877         0.90612         0.92478
    22982.81663         0.91468         0.92772
    22984.91468         0.91936         0.93091
    22987.01292         0.92006         0.93429
    22989.11135         0.93391         0.93779
    22991.20997         0.94908         0.94136
    22993.30878         0.96483         0.94495
    22995.40779         0.96654         0.94850
    22997.50699         0.95587         0.95199
    22999.60637         0.96449         0.95536
    23001.70596         0.98031         0.95859
    23003.80573         0.94444         0.96167
    23005.90569         0.94980         0.96458
    23008.00585         0.96764         0.96730
    23010.10619         0.96030         0.96983
    23012.20673         0.98090         0.97219
    23014.30746         0.97656         0.97436
    23016.40839         0.97647         0.97636
    23018.50950         0.98135         0.97820
    23020.61081         0.96455         0.97988
    23022.71231         0.95389         0.98142
    23024.81399         0.96656         0.98282
    23026.91588         0.99643         0.98410
    23029.01795         1.00807         0.98526
    23031.12022         1.00499         0.98632
    23033.22267         0.99311         0.98728
    23035.32532         0.99739         0.98814
    23037.42816         0.99918         0.98892
    23039.53120         1.00239         0.98963
    23041.63442         1.00443         0.99025
    23043.73784         1.00323         0.99082
    23045.84145         0.99265         0.99132
    23047.94525         0.99796         0.99176
    23050.04924         1.00585         0.99216
    23052.15343         1.01384         0.99252
    23054.25781         1.01604         0.99284
    23056.36237         1.01220         0.99314
    23058.46714         0.99151         0.99341
    23060.57209         1.01550         0.99367
    23062.67724         1.02351         0.99392
    23064.78257         1.01682         0.99416
    23066.88810         0.99414         0.99441
    23068.99383         0.97971         0.99466
    23071.09974         0.98031         0.99492
    23073.20585         0.97951         0.99519
    23075.31215         0.98267         0.99547
    23077.41864         0.97716         0.99576
    23079.52532         0.97172         0.99605
    23081.63220         1.00313         0.99636
    23083.73927         1.01507         0.99666
    23085.84653         1.00643         0.99697
    23087.95398         0.99923         0.99727
    23090.06163         1.01534         0.99756
    23092.16947         1.01101         0.99784
    23094.27750         0.98381         0.99810
    23096.38572         0.99268         0.99834
    23098.49413         0.99537         0.99854
    23100.60274         0.96534         0.99871
    23102.71154         0.98488         0.99885
    23104.82054         0.98915         0.99894
    23106.92972         0.99242         0.99899
    23109.03910         1.00758         0.99899
    23111.14867         0.99368         0.99894
    23113.25843         0.99154         0.99883
    23115.36839         0.99961         0.99867
    23117.47854         1.00144         0.99845
    23119.58888         0.99842         0.99816
    23121.69941         0.99777         0.99781
    23123.81014         0.98747         0.99740
    23125.92105         1.00039         0.99691
    23128.03217         0.96413         0.99635
    23130.14347         0.95940         0.99571
    23132.25497         0.98627         0.99500
    23134.36666         1.00112         0.99421
    23136.47854         0.97659         0.99335
    23138.59061         0.98119         0.99241
    23140.70288         0.98810         0.99140
    23142.81534         0.96596         0.99034
    23144.92800         0.97883         0.98923
    23147.04084         1.00321         0.98809
    23149.15388         0.98575         0.98693
    23151.26712         0.97008         0.98577
    23153.38054         0.94548         0.98463
    23155.49416         0.92947         0.98354
    23157.60797         0.95848         0.98251
    23159.72197         0.98612         0.98156
    23161.83617         0.98916         0.98070
    23163.95056         0.98778         0.97994
    23166.06514         0.98383         0.97929
    23168.17992         0.97893         0.97874
    23170.29489         0.97604         0.97827
    23172.41005         0.98767         0.97786
    23174.52541         0.98488         0.97748
    23176.64096         0.95743         0.97707
    23178.75670         0.94508         0.97659
    23180.87263         0.96129         0.97597
    23182.98876         0.97638         0.97515
    23185.10508         0.96588         0.97405
    23187.22160         0.96563         0.97263
    23189.33830         0.96631         0.97080
    23191.45520         0.95881         0.96851
    23193.57230         0.96199         0.96572
    23195.68959         0.97637         0.96240
    23197.80707         0.96768         0.95854
    23199.92474         0.93754         0.95412
    23202.04261         0.92724         0.94918
    23204.16067         0.90724         0.94375
    23206.27892         0.87977         0.93788
    23208.39737         0.90312         0.93164
    23210.51601         0.93696         0.92509
    23212.63484         0.94465         0.91834
    23214.75387         0.92783         0.91146
    23216.87309         0.91874         0.90455
    23218.99251         0.90102         0.89768
    23221.11211         0.89767         0.89095
    23223.23191         0.91029         0.88442
    23225.35191         0.89488         0.87816
    23227.47210         0.88290         0.87222
    23229.59248         0.90131         0.86663
    23231.71305         0.87397         0.86143
    23233.83382         0.82151         0.85665
    23235.95479         0.82520         0.85228
    23238.07594         0.86174         0.84835
    23240.19729         0.86836         0.84485
    23242.31884         0.85940         0.84178
    23244.44057         0.85445         0.83915
    23246.56250         0.84865         0.83695
    23248.68463         0.84173         0.83519
    23250.80695         0.85372         0.83385
    23252.92946         0.84279         0.83293
    23255.05216         0.83415         0.83244
    23257.17506         0.80889         0.83235
    23259.29816         0.87318         0.83267
    23261.42144         0.85363         0.83338
    23263.54493         0.82221         0.83444
    23265.66860         0.84975         0.83585
    23267.79247         0.86310         0.83756
    23269.91653         0.84184         0.83954
    23272.04079         0.85194         0.84175
    23274.16524         0.85737         0.84414
    23276.28988         0.87749         0.84668
    23278.41472         0.86763         0.84931
    23280.53975         0.84233         0.85200
    23282.66498         0.86465         0.85471
    23284.79040         0.86938         0.85739
    23286.91601         0.87703         0.86003
    23289.04182         0.85251         0.86259
    23291.16783         0.84246         0.86507
    23293.29402         0.85816         0.86746
    23295.42041         0.88844         0.86974
    23297.54700         0.89873         0.87191
    23299.67378         0.88615         0.87399
    23301.80075         0.87637         0.87599
    23303.92792         0.87114         0.87790
    23306.05528         0.86118         0.87974
    23308.18283         0.87442         0.88152
    23310.31058         0.88576         0.88325
    23312.43853         0.90277         0.88493
    23314.56667         0.92234         0.88657
    23316.69500         0.91377         0.88817
    23318.82352         0.88509         0.88972
    23320.95225         0.84267         0.89123
    23323.08116         0.83115         0.89268
    23325.21027         0.85158         0.89407
    23327.33958         0.84488         0.89539
    23329.46907         0.86511         0.89662
    23331.59877         0.85838         0.89776
    23333.72865         0.85927         0.89880
    23335.85874         0.88199         0.89972
    23337.98901         0.89730         0.90052
    23340.11948         0.90252         0.90120
    23342.25015         0.90837         0.90174
    23344.38101         0.89733         0.90214
    23346.51206         0.90067         0.90240
    23348.64331         0.89942         0.90253
    23350.77475         0.88921         0.90251
    23352.90639         0.88754         0.90236
    23355.03822         0.89034         0.90209
    23357.17025         0.89337         0.90169
    23359.30247         0.91287         0.90118
    23361.43489         0.90948         0.90057
    23363.56750         0.88831         0.89988
    23365.70031         0.88530         0.89912
    23367.83331         0.89793         0.89832
    23369.96650         0.90573         0.89748
    23372.09989         0.91407         0.89663
    23374.23348         0.91322         0.89580
    23376.36726         0.89716         0.89500
    23378.50123         0.90380         0.89425
    23380.63540         0.87221         0.89356
    23382.76976         0.87522         0.89296
    23384.90432         0.91470         0.89245
    23387.03907         0.90785         0.89205
    23389.17402         0.89271         0.89174
    23391.30917         0.90479         0.89152
    23393.44450         0.91569         0.89138
    23395.58004         0.86139         0.89131
    23397.71577         0.84697         0.89127
    23399.85169         0.89571         0.89124
    23401.98781         0.89460         0.89118
    23404.12412         0.90940         0.89106
    23406.26063         0.90499         0.89084
    23408.39733         0.90660         0.89047
    23410.53423         0.90165         0.88993
    23412.67132         0.87827         0.88917
    23414.80861         0.88051         0.88818
    23416.94609         0.90327         0.88694
    23419.08377         0.89699         0.88543
    23421.22165         0.89223         0.88365
    23423.35971         0.89156         0.88162
    23425.49798         0.89496         0.87934
    23427.63644         0.90513         0.87684
    23429.77509         0.91404         0.87415
    23431.91394         0.90443         0.87132
    23434.05299         0.88915         0.86837
    23436.19223         0.86755         0.86536
    23438.33166         0.87938         0.86232
    23440.47129         0.89351         0.85930
    23442.61112         0.87361         0.85633
    23444.75114         0.84602         0.85346
    23446.89136         0.80642         0.85070
    23449.03177         0.82497         0.84809
    23451.17238         0.86388         0.84564
    23453.31318         0.80422         0.84337
    23455.45418         0.77703         0.84129
    23457.59537         0.81330         0.83941
    23459.73676         0.83185         0.83773
    23461.87835         0.83518         0.83625
    23464.02013         0.84395         0.83496
    23466.16210         0.85475         0.83384
    23468.30427         0.86190         0.83289
    23470.44664         0.85116         0.83208
    23472.58920         0.81962         0.83137
    23474.73196         0.81311         0.83074
    23476.87491         0.83163         0.83014
    23479.01806         0.82954         0.82953
    23481.16141         0.83071         0.82884
    23483.30495         0.83211         0.82804
    23485.44868         0.83050         0.82705
    23487.59262         0.82232         0.82582
    23489.73674         0.83421         0.82430
    23491.88107         0.83871         0.82244
    23494.02559         0.78399         0.82021
    23496.17030         0.78124         0.81758
    23498.31521         0.81018         0.81455
    23500.46032         0.82155         0.81110
    23502.60562         0.81355         0.80726
    23504.75112         0.77588         0.80306
    23506.89681         0.80347         0.79854
    23509.04270         0.79454         0.79377
    23511.18879         0.80463         0.78879
    23513.33507         0.76666         0.78370
    23515.48155         0.78902         0.77855
    23517.62822         0.79829         0.77342
    23519.77509         0.77785         0.76838
    23521.92216         0.78756         0.76351
    23524.06942         0.77394         0.75884
    23526.21688         0.73495         0.75445
    23528.36453         0.68623         0.75035
    23530.51238         0.70859         0.74660
    23532.66042         0.73748         0.74322
    23534.80867         0.74534         0.74022
    23536.95710         0.74511         0.73761
    23539.10574         0.74727         0.73540
    23541.25457         0.74160         0.73360
    23543.40360         0.73559         0.73220
    23545.55282         0.72583         0.73121
    23547.70224         0.74092         0.73062
    23549.85185         0.75025         0.73043
    23552.00166         0.74068         0.73063
    23554.15167         0.73689         0.73121
    23556.30187         0.74859         0.73216
    23558.45227         0.75970         0.73346
    23560.60287         0.75380         0.73510
    23562.75366         0.73676         0.73705
    23564.90465         0.73411         0.73929
    23567.05584         0.74041         0.74178
    23569.20722         0.75246         0.74448
    23571.35880         0.75493         0.74737
    23573.51057         0.75601         0.75039
    23575.66254         0.78761         0.75351
    23577.81471         0.73566         0.75669
    23579.96707         0.71005         0.75989
    23582.11963         0.75229         0.76306
    23584.27239         0.77219         0.76618
    23586.42534         0.76556         0.76920
    23588.57849         0.77987         0.77212
    23590.73184         0.80298         0.77489
    23592.88538         0.78651         0.77752
    23595.03912         0.77583         0.77998
    23597.19306         0.79432         0.78228
    23599.34719         0.79868         0.78440
    23601.50152         0.79597         0.78636
    23603.65605         0.77894         0.78816
    23605.81077         0.78456         0.78980
    23607.96569         0.78938         0.79130
    23610.12081         0.79430         0.79268
    23612.27612         0.80632         0.79394
    23614.43163         0.77368         0.79510
    23616.58733         0.75475         0.79618
    23618.74324         0.75805         0.79718
    23620.89934         0.79849         0.79812
    23623.05563         0.81121         0.79901
    23625.21213         0.82367         0.79987
    23627.36882         0.81458         0.80070
    23629.52571         0.81424         0.80152
    23631.68279         0.80941         0.80233
    23633.84007         0.80877         0.80314
    23635.99755         0.81809         0.80397
    23638.15523         0.81639         0.80482
    23640.31310         0.80580         0.80570
    23642.47117         0.79770         0.80661
    23644.62943         0.81388         0.80756
    23646.78790         0.83547         0.80856
    23648.94656         0.85124         0.80960
    23651.10541         0.83036         0.81068
    23653.26447         0.73506         0.81181
    23655.42372         0.77502         0.81297
    23657.58317         0.81670         0.81415
    23659.74281         0.83654         0.81536
    23661.90266         0.82507         0.81656
    23664.06270         0.79972         0.81777
    23666.22293         0.81265         0.81895
    23668.38337         0.83104         0.82010
    23670.54400         0.83078         0.82120
    23672.70483         0.81140         0.82224
    23674.86586         0.83290         0.82321
    23677.02708         0.87103         0.82410
    23679.18850         0.76627         0.82489
    23681.35012         0.84241         0.82558
    23683.51193         0.84249         0.82615
    23685.67395         0.82092         0.82660
    23687.83616         0.81725         0.82691
    23689.99856         0.84095         0.82707
    23692.16117         0.82944         0.82707
    23694.32397         0.84669         0.82689
    23696.48697         0.83263         0.82651
    23698.65017         0.82257         0.82592
    23700.81356         0.82834         0.82512
    23702.97715         0.85027         0.82408
    23705.14094         0.83213         0.82280
    23707.30493         0.77890         0.82128
    23709.46911         0.76561         0.81953
    23711.63350         0.80901         0.81754
    23713.79808         0.84797         0.81534
    23715.96285         0.83917         0.81294
    23718.12783         0.82099         0.81038
    23720.29300         0.81636         0.80768
    23722.45837         0.82536         0.80487
    23724.62394         0.83639         0.80200
    23726.78971         0.81275         0.79909
    23728.95567         0.80915         0.79619
    23731.12183         0.81032         0.79332
    23733.28819         0.79863         0.79052
    23735.45475         0.78396         0.78780
    23737.62150         0.78649         0.78519
    23739.78845         0.76762         0.78270
    23741.95560         0.79422         0.78034
    23744.12295         0.81051         0.77813
    23746.29050         0.77404         0.77607
    23748.45824         0.79673         0.77416
    23750.62618         0.77405         0.77240
    23752.79432         0.69976         0.77081
    23754.96266         0.75008         0.76939
    23757.13119         0.77904         0.76814
    23759.29993         0.78155         0.76708
    23761.46886         0.77771         0.76620
    23763.63799         0.77622         0.76551
    23765.80731         0.75484         0.76502
    23767.97684         0.70567         0.76471
    23770.14656         0.65317         0.76458
    23772.31648         0.70386         0.76461
    23774.48660         0.74973         0.76479
    23776.65692         0.77338         0.76506
    23778.82744         0.78537         0.76540
    23780.99815         0.78434         0.76575
    23783.16906         0.77956         0.76606
    23785.34017         0.75535         0.76628
    23787.51148         0.76867         0.76633
    23789.68299         0.80382         0.76617
    23791.85469         0.75857         0.76574
    23794.02660         0.68134         0.76500
    23796.19870         0.68422         0.76390
    23798.37100         0.75894         0.76242
    23800.54349         0.74516         0.76055
    23802.71619         0.67649         0.75830
