# bin number, X coord of bin generator (arcsec), Y coord of bin generator (arcsec), X coordinates of bin luminosity weighted centroid (arcsec), Y coordinates of bin luminosity weighted centroid (arcsec), S/N, number of spaxels in bin
         0     -0.050      0.000     -0.050      0.000       49.2          1
         1     -0.100      0.000     -0.100      0.000       45.3          1
         2     -0.100     -0.050     -0.100     -0.050       42.6          1
         3     -0.050     -0.050     -0.050     -0.050       49.1          1
         4      0.000     -0.050      0.000     -0.050       47.0          1
         5      0.000      0.000      0.000      0.000       47.4          1
         6     -0.050     -0.100     -0.050     -0.100       47.2          1
         7      0.000     -0.100      0.000     -0.100       46.3          1
         8     -0.125     -0.100     -0.125     -0.100       42.5          2
         9     -0.250     -0.075     -0.250     -0.075       41.5          6
        10     -0.150      0.000     -0.150      0.000       50.1          3
        11     -0.083     -0.183     -0.083     -0.183       44.8          3
        12     -0.050     -0.150     -0.050     -0.150       43.4          1
        13     -0.150     -0.175     -0.150     -0.175       43.8          2
        14     -0.244     -0.194     -0.244     -0.194       44.8          8
        15     -0.250      0.025     -0.250      0.025       42.6          6
        16     -0.100      0.050     -0.100      0.050       46.8          1
        17      0.000     -0.175      0.000     -0.175       44.0          2
        18     -0.050      0.050     -0.050      0.050       48.4          1
        19     -0.136     -0.300     -0.136     -0.300       45.0          7
        20     -0.025     -0.275     -0.025     -0.275       44.8          4
        21      0.050     -0.100      0.050     -0.100       44.6          1
        22      0.050     -0.150      0.050     -0.150       43.5          1
        23      0.050     -0.050      0.050     -0.050       46.2          1
        24      0.050     -0.225      0.050     -0.225       45.3          2
        25     -0.425     -0.286     -0.425     -0.286       43.7         22
        26     -0.400     -0.075     -0.400     -0.075       42.5         12
        27     -0.250     -0.418     -0.250     -0.418       46.2         17
        28     -0.400      0.108     -0.400      0.108       40.3         13
        29     -0.200      0.113     -0.200      0.113       45.5          4
        30     -0.769     -0.489     -0.769     -0.489       42.2        108
        31     -0.406     -0.583     -0.406     -0.583       36.0         24
        32     -0.598     -0.027     -0.598     -0.027       42.2         33
        33     -0.127     -0.652     -0.127     -0.652       44.2         32
        34     -0.050     -0.425     -0.050     -0.425       43.5          8
        35     -0.437     -0.948     -0.437     -0.948       43.3        110
        36      0.064     -0.350      0.064     -0.350       45.7          7
        37      0.086     -0.525      0.086     -0.525       44.5         14
        38     -0.927      0.008     -0.927      0.008       36.9         76
        39     -0.805      0.470     -0.805      0.470       46.0        120
        40     -0.400      0.267     -0.400      0.267       47.9         18
        41     -0.230      0.210     -0.230      0.210       44.2          5
        42     -0.100      0.100     -0.100      0.100       43.7          1
        43     -0.150      0.175     -0.150      0.175       45.7          2
        44     -0.100      0.175     -0.100      0.175       44.8          2
        45     -0.050      0.100     -0.050      0.100       47.2          1
        46      0.000      0.050      0.000      0.050       46.0          1
        47     -0.219      0.381     -0.219      0.381       47.9         13
        48     -0.404      0.522     -0.404      0.522       45.4         25
        49     -0.100      0.275     -0.100      0.275       45.3          6
        50     -0.050      0.150     -0.050      0.150       44.0          1
        51      0.000      0.100      0.000      0.100       44.1          1
        52      0.050      0.000      0.050      0.000       48.9          1
        53     -0.017      0.183     -0.017      0.183       45.1          3
        54      0.125     -0.225      0.125     -0.225       42.8          4
        55      0.050      0.050      0.050      0.050       46.0          1
        56      0.100     -0.150      0.100     -0.150       41.6          1
        57      0.100     -0.075      0.100     -0.075       45.8          2
        58      0.050      0.100      0.050      0.100       45.9          1
        59      0.100      0.000      0.100      0.000       45.3          1
        60      0.117      0.083      0.117      0.083       45.1          3
        61      0.050      0.175      0.050      0.175       43.7          2
        62      0.200     -0.163      0.200     -0.163       43.5          4
        63      0.175     -0.100      0.175     -0.100       43.7          2
        64      0.194     -0.367      0.194     -0.367       40.2          9
        65      0.150     -0.050      0.150     -0.050       44.5          1
        66      0.025      0.275      0.025      0.275       43.6          4
        67      0.167      0.017      0.167      0.017       44.1          3
        68     -0.056      0.394     -0.056      0.394       44.3          8
        69      0.100      0.175      0.100      0.175       44.0          2
        70      0.258     -0.258      0.258     -0.258       41.5          6
        71      0.225      0.075      0.225      0.075       40.9          4
        72      0.135     -0.756      0.135     -0.756       43.8         26
        73      0.250     -0.075      0.250     -0.075       43.9          4
        74      0.167      0.167      0.167      0.167       45.6          3
        75     -0.160      0.648     -0.160      0.648       51.5         40
        76      0.136      0.300      0.136      0.300       44.3          7
        77      0.389     -0.182      0.389     -0.182       42.4         14
        78      0.316     -0.572      0.316     -0.572       44.6         25
        79      0.308     -0.008      0.308     -0.008       41.8          6
        80      0.450     -0.380      0.450     -0.380       42.5         27
        81      0.242      0.208      0.242      0.208       44.3          6
        82      0.078      0.486      0.078      0.486       48.2         18
        83     -0.569      0.992     -0.569      0.992       46.7        154
        84      0.375      0.125      0.375      0.125       45.1         12
        85      0.106      0.797      0.106      0.797       42.0         35
        86      0.545     -0.040      0.545     -0.040       43.6         31
        87      0.340      0.581      0.340      0.581       43.9         42
        88      0.283      0.346      0.283      0.346       42.1         12
        89      0.522      0.294      0.522      0.294       44.0         34
        90     -0.054      1.158     -0.054      1.158       44.3         97
        91      0.866     -0.387      0.866     -0.389       43.7        105
        92      0.498      1.047      0.498      1.047       43.0        135
        93      0.648     -0.902      0.647     -0.904       46.8        164
        94      0.928      0.092      0.928      0.092       42.0         98
        95      0.812      0.593      0.812      0.593       41.2        102
        96      0.097     -1.077      0.097     -1.077       43.4         80
