# bin number, X coord of bin generator (arcsec), Y coord of bin generator (arcsec), X coordinates of bin luminosity weighted centroid (arcsec), Y coordinates of bin luminosity weighted centroid (arcsec), S/N, number of spaxels in bin
         0      0.500      0.000      0.500      0.000       75.6          1
         1      0.250      0.000      0.250      0.000       66.6          1
         2      0.250     -0.250      0.250     -0.250       68.8          1
         3      0.500     -0.250      0.500     -0.250       58.8          1
         4      0.000     -0.250      0.000     -0.250       66.7          1
         5      0.000      0.000      0.000      0.000       62.7          1
         6      0.250     -0.500      0.250     -0.500       61.7          1
         7      0.000     -0.500      0.000     -0.500       57.9          1
         8      0.500     -0.625      0.500     -0.625       58.3          2
         9      0.125     -0.750      0.125     -0.750       58.2          2
        10     -0.250     -0.500     -0.250     -0.500       63.3          1
        11     -0.250     -0.250     -0.250     -0.250       64.8          1
        12     -0.250     -0.750     -0.250     -0.750       65.8          1
        13     -0.250      0.000     -0.250      0.000       68.2          1
        14     -0.500     -0.500     -0.500     -0.500       62.0          1
        15     -0.625     -0.250     -0.625     -0.250       53.7          2
        16     -0.625      0.000     -0.625      0.000       58.3          2
        17     -0.500     -0.750     -0.500     -0.750       58.9          1
        18      0.000      0.250      0.000      0.250       68.3          1
        19     -0.250      0.250     -0.250      0.250       62.3          1
        20      0.250      0.250      0.250      0.250       74.8          1
        21     -0.500      0.250     -0.500      0.250       57.7          1
        22     -0.083     -1.083     -0.083     -1.083       57.3          3
        23      0.375     -1.125      0.375     -1.125       58.4          4
        24     -0.750     -0.750     -0.750     -0.750       56.6          1
        25     -0.667     -1.083     -0.667     -1.083       59.8          3
        26     -0.875     -0.500     -0.875     -0.500       63.3          2
        27     -1.000     -0.250     -1.000     -0.250       54.1          1
        28     -0.750      0.250     -0.750      0.250       63.7          1
        29     -1.125     -0.750     -1.125     -0.750       59.1          2
        30     -1.000      0.000     -1.000      0.000       50.1          1
        31     -0.404     -1.654     -0.404     -1.654       59.1         13
        32      0.271     -2.873      0.271     -2.873       58.5         71
        33      0.938     -1.417      0.938     -1.417       61.4         12
        34      0.833     -0.667      0.833     -0.667       58.8          3
        35     -2.211     -2.684     -2.211     -2.684       50.2         95
        36     -1.125     -1.250     -1.125     -1.250       52.0          6
        37      0.750     -0.250      0.750     -0.250       54.4          1
        38     -1.750     -1.250     -1.750     -1.250       46.2          9
        39     -1.500     -0.500     -1.500     -0.500       58.5          7
        40     -1.722      0.028     -1.722      0.028       55.0          9
        41     -1.125      0.250     -1.125      0.250       48.6          2
        42     -2.765     -0.871     -2.765     -0.871       50.4         33
        43     -2.581      0.779     -2.581      0.779       55.6         43
        44     -0.750      0.500     -0.750      0.500       63.8          1
        45     -1.200      0.600     -1.200      0.600       58.4          5
        46     -0.500      0.500     -0.500      0.500       58.9          1
        47      2.667     -2.457      2.667     -2.457       48.6         81
        48      1.803     -0.961      1.803     -0.961       61.6         19
        49      1.000     -0.375      1.000     -0.375       59.5          2
        50      0.750      0.000      0.750      0.000       66.4          1
        51      1.458     -0.292      1.458     -0.292       61.6          6
        52      0.500      0.250      0.500      0.250       71.3          1
        53      1.125      0.000      1.125      0.000       59.5          2
        54     -0.250      0.500     -0.250      0.500       71.0          1
        55      0.000      0.500      0.000      0.500       65.4          1
        56      0.750      0.250      0.750      0.250       60.7          1
        57      3.627     -0.979      3.627     -0.979       51.6         59
        58      0.250      0.500      0.250      0.500       61.5          1
        59      1.000      0.250      1.000      0.250       67.0          1
        60      0.500      0.500      0.500      0.500       64.7          1
        61      0.750      0.500      0.750      0.500       62.9          1
        62      2.094      0.219      2.094      0.219       66.0         16
        63      1.250      0.250      1.250      0.250       61.1          1
        64     -0.250      0.750     -0.250      0.750       65.5          1
        65      0.000      0.750      0.000      0.750       59.7          1
        66     -0.500      0.750     -0.500      0.750       61.3          1
        67      0.250      0.750      0.250      0.750       57.5          1
        68      1.000      0.500      1.000      0.500       62.9          1
        69     -0.750      0.750     -0.750      0.750       66.8          1
        70      0.500      0.750      0.500      0.750       61.1          1
        71     -1.286      1.071     -1.286      1.071       52.9          7
        72      0.875      0.875      0.875      0.875       53.6          4
        73      3.785      0.693      3.785      0.693       47.5         57
        74      1.615      0.904      1.615      0.904       66.2         13
        75      0.000      1.000      0.000      1.000       60.8          1
        76     -0.250      1.000     -0.250      1.000       59.7          1
        77      0.250      1.125      0.250      1.125       52.3          2
        78     -0.625      1.125     -0.625      1.125       57.5          4
        79      0.562      1.250      0.562      1.250       56.6          4
        80      1.233      1.650      1.233      1.650       56.2         15
        81     -0.050      1.625     -0.050      1.625       57.8         10
        82      0.710      2.993      0.710      2.993       49.1         69
        83      3.175      2.432      3.175      2.432       53.9        107
        84     -0.719      1.719     -0.719      1.719       48.2          8
        85     -1.701      2.760     -1.701      2.760       51.3         96
